,start row,start col,chr1,chr2,stop row,stop col
0,2250000,127500000,1,12,2500000,127750000
1,2250000,127750000,1,12,2500000,128000000
2,2250000,128000000,1,12,2500000,128250000
3,2250000,128250000,1,12,2500000,128500000
4,2250000,128500000,1,12,2500000,128750000
5,2250000,128750000,1,12,2500000,129000000
6,2250000,129000000,1,12,2500000,129250000
7,2250000,129250000,1,12,2500000,129500000
8,2250000,129500000,1,12,2500000,129750000
9,2250000,129750000,1,12,2500000,130000000
10,2250000,130000000,1,12,2500000,130250000
11,2250000,130250000,1,12,2500000,130500000
12,2250000,130500000,1,12,2500000,130750000
13,2250000,130750000,1,12,2500000,131000000
14,2250000,131000000,1,12,2500000,131250000
15,2250000,131250000,1,12,2500000,131500000
16,2250000,131500000,1,12,2500000,131750000
17,2250000,131750000,1,12,2500000,132000000
18,2250000,132000000,1,12,2500000,132250000
19,2250000,132250000,1,12,2500000,132500000
20,2250000,132500000,1,12,2500000,132750000
21,2250000,132750000,1,12,2500000,133000000
22,2250000,133000000,1,12,2500000,133250000
23,2500000,127500000,1,12,2750000,127750000
24,2500000,127750000,1,12,2750000,128000000
25,2500000,128000000,1,12,2750000,128250000
26,2500000,128250000,1,12,2750000,128500000
27,2500000,128500000,1,12,2750000,128750000
28,2500000,128750000,1,12,2750000,129000000
29,2500000,129000000,1,12,2750000,129250000
30,2500000,129250000,1,12,2750000,129500000
31,2500000,129500000,1,12,2750000,129750000
32,2500000,129750000,1,12,2750000,130000000
33,2500000,130000000,1,12,2750000,130250000
34,2500000,130250000,1,12,2750000,130500000
35,2500000,130500000,1,12,2750000,130750000
36,2500000,130750000,1,12,2750000,131000000
37,2500000,131000000,1,12,2750000,131250000
38,2500000,131250000,1,12,2750000,131500000
39,2500000,131500000,1,12,2750000,131750000
40,2500000,131750000,1,12,2750000,132000000
41,2500000,132000000,1,12,2750000,132250000
42,2500000,132250000,1,12,2750000,132500000
43,2500000,132500000,1,12,2750000,132750000
44,2500000,132750000,1,12,2750000,133000000
45,2500000,133000000,1,12,2750000,133250000
46,2750000,127500000,1,12,3000000,127750000
47,2750000,127750000,1,12,3000000,128000000
48,2750000,128000000,1,12,3000000,128250000
49,2750000,128250000,1,12,3000000,128500000
50,2750000,128500000,1,12,3000000,128750000
51,2750000,128750000,1,12,3000000,129000000
52,2750000,129000000,1,12,3000000,129250000
53,2750000,129250000,1,12,3000000,129500000
54,2750000,129500000,1,12,3000000,129750000
55,2750000,129750000,1,12,3000000,130000000
56,2750000,130000000,1,12,3000000,130250000
57,2750000,130250000,1,12,3000000,130500000
58,2750000,130500000,1,12,3000000,130750000
59,2750000,130750000,1,12,3000000,131000000
60,2750000,131000000,1,12,3000000,131250000
61,2750000,131250000,1,12,3000000,131500000
62,2750000,131500000,1,12,3000000,131750000
63,2750000,131750000,1,12,3000000,132000000
64,2750000,132000000,1,12,3000000,132250000
65,2750000,132250000,1,12,3000000,132500000
66,2750000,132500000,1,12,3000000,132750000
67,2750000,132750000,1,12,3000000,133000000
68,2750000,133000000,1,12,3000000,133250000
69,3000000,127500000,1,12,3250000,127750000
70,3000000,127750000,1,12,3250000,128000000
71,3000000,128000000,1,12,3250000,128250000
72,3000000,128250000,1,12,3250000,128500000
73,3000000,128500000,1,12,3250000,128750000
74,3000000,128750000,1,12,3250000,129000000
75,3000000,129000000,1,12,3250000,129250000
76,3000000,129250000,1,12,3250000,129500000
77,3000000,129500000,1,12,3250000,129750000
78,3000000,129750000,1,12,3250000,130000000
79,3000000,130000000,1,12,3250000,130250000
80,3000000,130250000,1,12,3250000,130500000
81,3000000,130500000,1,12,3250000,130750000
82,3000000,130750000,1,12,3250000,131000000
83,3000000,131000000,1,12,3250000,131250000
84,3000000,131250000,1,12,3250000,131500000
85,3000000,131500000,1,12,3250000,131750000
86,3000000,131750000,1,12,3250000,132000000
87,3000000,132000000,1,12,3250000,132250000
88,3000000,132250000,1,12,3250000,132500000
89,3000000,132500000,1,12,3250000,132750000
90,3000000,132750000,1,12,3250000,133000000
91,3000000,133000000,1,12,3250000,133250000
92,3250000,127500000,1,12,3500000,127750000
93,3250000,127750000,1,12,3500000,128000000
94,3250000,128000000,1,12,3500000,128250000
95,3250000,128250000,1,12,3500000,128500000
96,3250000,128500000,1,12,3500000,128750000
97,3250000,128750000,1,12,3500000,129000000
98,3250000,129000000,1,12,3500000,129250000
99,3250000,129250000,1,12,3500000,129500000
100,3250000,129500000,1,12,3500000,129750000
101,3250000,129750000,1,12,3500000,130000000
102,3250000,130000000,1,12,3500000,130250000
103,3250000,130250000,1,12,3500000,130500000
104,3250000,130500000,1,12,3500000,130750000
105,3250000,130750000,1,12,3500000,131000000
106,3250000,131000000,1,12,3500000,131250000
107,3250000,131250000,1,12,3500000,131500000
108,3250000,131500000,1,12,3500000,131750000
109,3250000,131750000,1,12,3500000,132000000
110,3250000,132000000,1,12,3500000,132250000
111,3250000,132250000,1,12,3500000,132500000
112,3250000,132500000,1,12,3500000,132750000
113,3250000,132750000,1,12,3500000,133000000
114,3250000,133000000,1,12,3500000,133250000
115,3500000,127500000,1,12,3750000,127750000
116,3500000,127750000,1,12,3750000,128000000
117,3500000,128000000,1,12,3750000,128250000
118,3500000,128250000,1,12,3750000,128500000
119,3500000,128500000,1,12,3750000,128750000
120,3500000,128750000,1,12,3750000,129000000
121,3500000,129000000,1,12,3750000,129250000
122,3500000,129250000,1,12,3750000,129500000
123,3500000,129500000,1,12,3750000,129750000
124,3500000,129750000,1,12,3750000,130000000
125,3500000,130000000,1,12,3750000,130250000
126,3500000,130250000,1,12,3750000,130500000
127,3500000,130500000,1,12,3750000,130750000
128,3500000,130750000,1,12,3750000,131000000
129,3500000,131000000,1,12,3750000,131250000
130,3500000,131250000,1,12,3750000,131500000
131,3500000,131500000,1,12,3750000,131750000
132,3500000,131750000,1,12,3750000,132000000
133,3500000,132000000,1,12,3750000,132250000
134,3500000,132250000,1,12,3750000,132500000
135,3500000,132500000,1,12,3750000,132750000
136,3500000,132750000,1,12,3750000,133000000
137,3500000,133000000,1,12,3750000,133250000
138,3750000,127500000,1,12,4000000,127750000
139,3750000,127750000,1,12,4000000,128000000
140,3750000,128000000,1,12,4000000,128250000
141,3750000,128250000,1,12,4000000,128500000
142,3750000,128500000,1,12,4000000,128750000
143,3750000,128750000,1,12,4000000,129000000
144,3750000,129000000,1,12,4000000,129250000
145,3750000,129250000,1,12,4000000,129500000
146,3750000,129500000,1,12,4000000,129750000
147,3750000,129750000,1,12,4000000,130000000
148,3750000,130000000,1,12,4000000,130250000
149,3750000,130250000,1,12,4000000,130500000
150,3750000,130500000,1,12,4000000,130750000
151,3750000,130750000,1,12,4000000,131000000
152,3750000,131000000,1,12,4000000,131250000
153,3750000,131250000,1,12,4000000,131500000
154,3750000,131500000,1,12,4000000,131750000
155,3750000,131750000,1,12,4000000,132000000
156,3750000,132000000,1,12,4000000,132250000
157,3750000,132250000,1,12,4000000,132500000
158,3750000,132500000,1,12,4000000,132750000
159,3750000,132750000,1,12,4000000,133000000
160,3750000,133000000,1,12,4000000,133250000
161,4000000,127500000,1,12,4250000,127750000
162,4000000,127750000,1,12,4250000,128000000
163,4000000,128000000,1,12,4250000,128250000
164,4000000,128250000,1,12,4250000,128500000
165,4000000,128500000,1,12,4250000,128750000
166,4000000,128750000,1,12,4250000,129000000
167,4000000,129000000,1,12,4250000,129250000
168,4000000,129250000,1,12,4250000,129500000
169,4000000,129500000,1,12,4250000,129750000
170,4000000,129750000,1,12,4250000,130000000
171,4000000,130000000,1,12,4250000,130250000
172,4000000,130250000,1,12,4250000,130500000
173,4000000,130500000,1,12,4250000,130750000
174,4000000,130750000,1,12,4250000,131000000
175,4000000,131000000,1,12,4250000,131250000
176,4000000,131250000,1,12,4250000,131500000
177,4000000,131500000,1,12,4250000,131750000
178,4000000,131750000,1,12,4250000,132000000
179,4000000,132000000,1,12,4250000,132250000
180,4000000,132250000,1,12,4250000,132500000
181,4000000,132500000,1,12,4250000,132750000
182,4000000,132750000,1,12,4250000,133000000
183,4000000,133000000,1,12,4250000,133250000
184,4250000,127500000,1,12,4500000,127750000
185,4250000,127750000,1,12,4500000,128000000
186,4250000,128000000,1,12,4500000,128250000
187,4250000,128250000,1,12,4500000,128500000
188,4250000,128500000,1,12,4500000,128750000
189,4250000,128750000,1,12,4500000,129000000
190,4250000,129000000,1,12,4500000,129250000
191,4250000,129250000,1,12,4500000,129500000
192,4250000,129500000,1,12,4500000,129750000
193,4250000,129750000,1,12,4500000,130000000
194,4250000,130000000,1,12,4500000,130250000
195,4250000,130250000,1,12,4500000,130500000
196,4250000,130500000,1,12,4500000,130750000
197,4250000,130750000,1,12,4500000,131000000
198,4250000,131000000,1,12,4500000,131250000
199,4250000,131250000,1,12,4500000,131500000
200,4250000,131500000,1,12,4500000,131750000
201,4250000,131750000,1,12,4500000,132000000
202,4250000,132000000,1,12,4500000,132250000
203,4250000,132250000,1,12,4500000,132500000
204,4250000,132500000,1,12,4500000,132750000
205,4250000,132750000,1,12,4500000,133000000
206,4250000,133000000,1,12,4500000,133250000
207,4500000,127500000,1,12,4750000,127750000
208,4500000,127750000,1,12,4750000,128000000
209,4500000,128000000,1,12,4750000,128250000
210,4500000,128250000,1,12,4750000,128500000
211,4500000,128500000,1,12,4750000,128750000
212,4500000,128750000,1,12,4750000,129000000
213,4500000,129000000,1,12,4750000,129250000
214,4500000,129250000,1,12,4750000,129500000
215,4500000,129500000,1,12,4750000,129750000
216,4500000,129750000,1,12,4750000,130000000
217,4500000,130000000,1,12,4750000,130250000
218,4500000,130250000,1,12,4750000,130500000
219,4500000,130500000,1,12,4750000,130750000
220,4500000,130750000,1,12,4750000,131000000
221,4500000,131000000,1,12,4750000,131250000
222,4500000,131250000,1,12,4750000,131500000
223,4500000,131500000,1,12,4750000,131750000
224,4500000,131750000,1,12,4750000,132000000
225,4500000,132000000,1,12,4750000,132250000
226,4500000,132250000,1,12,4750000,132500000
227,4500000,132500000,1,12,4750000,132750000
228,4500000,132750000,1,12,4750000,133000000
229,4500000,133000000,1,12,4750000,133250000
230,4750000,127500000,1,12,5000000,127750000
231,4750000,127750000,1,12,5000000,128000000
232,4750000,128000000,1,12,5000000,128250000
233,4750000,128250000,1,12,5000000,128500000
234,4750000,128500000,1,12,5000000,128750000
235,4750000,128750000,1,12,5000000,129000000
236,4750000,129000000,1,12,5000000,129250000
237,4750000,129250000,1,12,5000000,129500000
238,4750000,129500000,1,12,5000000,129750000
239,4750000,129750000,1,12,5000000,130000000
240,4750000,130000000,1,12,5000000,130250000
241,4750000,130250000,1,12,5000000,130500000
242,4750000,130500000,1,12,5000000,130750000
243,4750000,130750000,1,12,5000000,131000000
244,4750000,131000000,1,12,5000000,131250000
245,4750000,131250000,1,12,5000000,131500000
246,4750000,131500000,1,12,5000000,131750000
247,4750000,131750000,1,12,5000000,132000000
248,4750000,132000000,1,12,5000000,132250000
249,4750000,132250000,1,12,5000000,132500000
250,4750000,132500000,1,12,5000000,132750000
251,4750000,132750000,1,12,5000000,133000000
252,4750000,133000000,1,12,5000000,133250000
253,5000000,127500000,1,12,5250000,127750000
254,5000000,127750000,1,12,5250000,128000000
255,5000000,128000000,1,12,5250000,128250000
256,5000000,128250000,1,12,5250000,128500000
257,5000000,128500000,1,12,5250000,128750000
258,5000000,128750000,1,12,5250000,129000000
259,5000000,129000000,1,12,5250000,129250000
260,5000000,129250000,1,12,5250000,129500000
261,5000000,129500000,1,12,5250000,129750000
262,5000000,129750000,1,12,5250000,130000000
263,5000000,130000000,1,12,5250000,130250000
264,5000000,130250000,1,12,5250000,130500000
265,5000000,130500000,1,12,5250000,130750000
266,5000000,130750000,1,12,5250000,131000000
267,5000000,131000000,1,12,5250000,131250000
268,5000000,131250000,1,12,5250000,131500000
269,5000000,131500000,1,12,5250000,131750000
270,5000000,131750000,1,12,5250000,132000000
271,5000000,132000000,1,12,5250000,132250000
272,5000000,132250000,1,12,5250000,132500000
273,5000000,132500000,1,12,5250000,132750000
274,5000000,132750000,1,12,5250000,133000000
275,5000000,133000000,1,12,5250000,133250000
276,5250000,127500000,1,12,5500000,127750000
277,5250000,127750000,1,12,5500000,128000000
278,5250000,128000000,1,12,5500000,128250000
279,5250000,128250000,1,12,5500000,128500000
280,5250000,128500000,1,12,5500000,128750000
281,5250000,128750000,1,12,5500000,129000000
282,5250000,129000000,1,12,5500000,129250000
283,5250000,129250000,1,12,5500000,129500000
284,5250000,129500000,1,12,5500000,129750000
285,5250000,129750000,1,12,5500000,130000000
286,5250000,130000000,1,12,5500000,130250000
287,5250000,130250000,1,12,5500000,130500000
288,5250000,130500000,1,12,5500000,130750000
289,5250000,130750000,1,12,5500000,131000000
290,5250000,131000000,1,12,5500000,131250000
291,5250000,131250000,1,12,5500000,131500000
292,5250000,131500000,1,12,5500000,131750000
293,5250000,131750000,1,12,5500000,132000000
294,5250000,132000000,1,12,5500000,132250000
295,5250000,132250000,1,12,5500000,132500000
296,5250000,132500000,1,12,5500000,132750000
297,5250000,132750000,1,12,5500000,133000000
298,5250000,133000000,1,12,5500000,133250000
299,5500000,127500000,1,12,5750000,127750000
300,5500000,127750000,1,12,5750000,128000000
301,5500000,128000000,1,12,5750000,128250000
302,5500000,128250000,1,12,5750000,128500000
303,5500000,128500000,1,12,5750000,128750000
304,5500000,128750000,1,12,5750000,129000000
305,5500000,129000000,1,12,5750000,129250000
306,5500000,129250000,1,12,5750000,129500000
307,5500000,129500000,1,12,5750000,129750000
308,5500000,129750000,1,12,5750000,130000000
309,5500000,130000000,1,12,5750000,130250000
310,5500000,130250000,1,12,5750000,130500000
311,5500000,130500000,1,12,5750000,130750000
312,5500000,130750000,1,12,5750000,131000000
313,5500000,131000000,1,12,5750000,131250000
314,5500000,131250000,1,12,5750000,131500000
315,5500000,131500000,1,12,5750000,131750000
316,5500000,131750000,1,12,5750000,132000000
317,5500000,132000000,1,12,5750000,132250000
318,5500000,132250000,1,12,5750000,132500000
319,5500000,132500000,1,12,5750000,132750000
320,5500000,132750000,1,12,5750000,133000000
321,5500000,133000000,1,12,5750000,133250000
322,5750000,127500000,1,12,6000000,127750000
323,5750000,127750000,1,12,6000000,128000000
324,5750000,128000000,1,12,6000000,128250000
325,5750000,128250000,1,12,6000000,128500000
326,5750000,128500000,1,12,6000000,128750000
327,5750000,128750000,1,12,6000000,129000000
328,5750000,129000000,1,12,6000000,129250000
329,5750000,129250000,1,12,6000000,129500000
330,5750000,129500000,1,12,6000000,129750000
331,5750000,129750000,1,12,6000000,130000000
332,5750000,130000000,1,12,6000000,130250000
333,5750000,130250000,1,12,6000000,130500000
334,5750000,130500000,1,12,6000000,130750000
335,5750000,130750000,1,12,6000000,131000000
336,5750000,131000000,1,12,6000000,131250000
337,5750000,131250000,1,12,6000000,131500000
338,5750000,131500000,1,12,6000000,131750000
339,5750000,131750000,1,12,6000000,132000000
340,5750000,132000000,1,12,6000000,132250000
341,5750000,132250000,1,12,6000000,132500000
342,5750000,132500000,1,12,6000000,132750000
343,5750000,132750000,1,12,6000000,133000000
344,5750000,133000000,1,12,6000000,133250000
345,6000000,127500000,1,12,6250000,127750000
346,6000000,127750000,1,12,6250000,128000000
347,6000000,128000000,1,12,6250000,128250000
348,6000000,128250000,1,12,6250000,128500000
349,6000000,128500000,1,12,6250000,128750000
350,6000000,128750000,1,12,6250000,129000000
351,6000000,129000000,1,12,6250000,129250000
352,6000000,129250000,1,12,6250000,129500000
353,6000000,129500000,1,12,6250000,129750000
354,6000000,129750000,1,12,6250000,130000000
355,6000000,130000000,1,12,6250000,130250000
356,6000000,130250000,1,12,6250000,130500000
357,6000000,130500000,1,12,6250000,130750000
358,6000000,130750000,1,12,6250000,131000000
359,6000000,131000000,1,12,6250000,131250000
360,6000000,131250000,1,12,6250000,131500000
361,6000000,131500000,1,12,6250000,131750000
362,6000000,131750000,1,12,6250000,132000000
363,6000000,132000000,1,12,6250000,132250000
364,6000000,132250000,1,12,6250000,132500000
365,6000000,132500000,1,12,6250000,132750000
366,6000000,132750000,1,12,6250000,133000000
367,6000000,133000000,1,12,6250000,133250000
368,20750000,120750000,1,12,21000000,121000000
369,20750000,121000000,1,12,21000000,121250000
370,20750000,121250000,1,12,21000000,121500000
371,20750000,121500000,1,12,21000000,121750000
372,20750000,121750000,1,12,21000000,122000000
373,20750000,122000000,1,12,21000000,122250000
374,20750000,122250000,1,12,21000000,122500000
375,20750000,122500000,1,12,21000000,122750000
376,20750000,122750000,1,12,21000000,123000000
377,20750000,123000000,1,12,21000000,123250000
378,20750000,123250000,1,12,21000000,123500000
379,20750000,123500000,1,12,21000000,123750000
380,20750000,123750000,1,12,21000000,124000000
381,20750000,124000000,1,12,21000000,124250000
382,21000000,120750000,1,12,21250000,121000000
383,21000000,121000000,1,12,21250000,121250000
384,21000000,121250000,1,12,21250000,121500000
385,21000000,121500000,1,12,21250000,121750000
386,21000000,121750000,1,12,21250000,122000000
387,21000000,122000000,1,12,21250000,122250000
388,21000000,122250000,1,12,21250000,122500000
389,21000000,122500000,1,12,21250000,122750000
390,21000000,122750000,1,12,21250000,123000000
391,21000000,123000000,1,12,21250000,123250000
392,21000000,123250000,1,12,21250000,123500000
393,21000000,123500000,1,12,21250000,123750000
394,21000000,123750000,1,12,21250000,124000000
395,21000000,124000000,1,12,21250000,124250000
396,21250000,120750000,1,12,21500000,121000000
397,21250000,121000000,1,12,21500000,121250000
398,21250000,121250000,1,12,21500000,121500000
399,21250000,121500000,1,12,21500000,121750000
400,21250000,121750000,1,12,21500000,122000000
401,21250000,122000000,1,12,21500000,122250000
402,21250000,122250000,1,12,21500000,122500000
403,21250000,122500000,1,12,21500000,122750000
404,21250000,122750000,1,12,21500000,123000000
405,21250000,123000000,1,12,21500000,123250000
406,21250000,123250000,1,12,21500000,123500000
407,21250000,123500000,1,12,21500000,123750000
408,21250000,123750000,1,12,21500000,124000000
409,21250000,124000000,1,12,21500000,124250000
410,21500000,120750000,1,12,21750000,121000000
411,21500000,121000000,1,12,21750000,121250000
412,21500000,121250000,1,12,21750000,121500000
413,21500000,121500000,1,12,21750000,121750000
414,21500000,121750000,1,12,21750000,122000000
415,21500000,122000000,1,12,21750000,122250000
416,21500000,122250000,1,12,21750000,122500000
417,21500000,122500000,1,12,21750000,122750000
418,21500000,122750000,1,12,21750000,123000000
419,21500000,123000000,1,12,21750000,123250000
420,21500000,123250000,1,12,21750000,123500000
421,21500000,123500000,1,12,21750000,123750000
422,21500000,123750000,1,12,21750000,124000000
423,21500000,124000000,1,12,21750000,124250000
424,21750000,120750000,1,12,22000000,121000000
425,21750000,121000000,1,12,22000000,121250000
426,21750000,121250000,1,12,22000000,121500000
427,21750000,121500000,1,12,22000000,121750000
428,21750000,121750000,1,12,22000000,122000000
429,21750000,122000000,1,12,22000000,122250000
430,21750000,122250000,1,12,22000000,122500000
431,21750000,122500000,1,12,22000000,122750000
432,21750000,122750000,1,12,22000000,123000000
433,21750000,123000000,1,12,22000000,123250000
434,21750000,123250000,1,12,22000000,123500000
435,21750000,123500000,1,12,22000000,123750000
436,21750000,123750000,1,12,22000000,124000000
437,21750000,124000000,1,12,22000000,124250000
438,22000000,120750000,1,12,22250000,121000000
439,22000000,121000000,1,12,22250000,121250000
440,22000000,121250000,1,12,22250000,121500000
441,22000000,121500000,1,12,22250000,121750000
442,22000000,121750000,1,12,22250000,122000000
443,22000000,122000000,1,12,22250000,122250000
444,22000000,122250000,1,12,22250000,122500000
445,22000000,122500000,1,12,22250000,122750000
446,22000000,122750000,1,12,22250000,123000000
447,22000000,123000000,1,12,22250000,123250000
448,22000000,123250000,1,12,22250000,123500000
449,22000000,123500000,1,12,22250000,123750000
450,22000000,123750000,1,12,22250000,124000000
451,22000000,124000000,1,12,22250000,124250000
452,22250000,120750000,1,12,22500000,121000000
453,22250000,121000000,1,12,22500000,121250000
454,22250000,121250000,1,12,22500000,121500000
455,22250000,121500000,1,12,22500000,121750000
456,22250000,121750000,1,12,22500000,122000000
457,22250000,122000000,1,12,22500000,122250000
458,22250000,122250000,1,12,22500000,122500000
459,22250000,122500000,1,12,22500000,122750000
460,22250000,122750000,1,12,22500000,123000000
461,22250000,123000000,1,12,22500000,123250000
462,22250000,123250000,1,12,22500000,123500000
463,22250000,123500000,1,12,22500000,123750000
464,22250000,123750000,1,12,22500000,124000000
465,22250000,124000000,1,12,22500000,124250000
466,22500000,120750000,1,12,22750000,121000000
467,22500000,121000000,1,12,22750000,121250000
468,22500000,121250000,1,12,22750000,121500000
469,22500000,121500000,1,12,22750000,121750000
470,22500000,121750000,1,12,22750000,122000000
471,22500000,122000000,1,12,22750000,122250000
472,22500000,122250000,1,12,22750000,122500000
473,22500000,122500000,1,12,22750000,122750000
474,22500000,122750000,1,12,22750000,123000000
475,22500000,123000000,1,12,22750000,123250000
476,22500000,123250000,1,12,22750000,123500000
477,22500000,123500000,1,12,22750000,123750000
478,22500000,123750000,1,12,22750000,124000000
479,22500000,124000000,1,12,22750000,124250000
480,22750000,120750000,1,12,23000000,121000000
481,22750000,121000000,1,12,23000000,121250000
482,22750000,121250000,1,12,23000000,121500000
483,22750000,121500000,1,12,23000000,121750000
484,22750000,121750000,1,12,23000000,122000000
485,22750000,122000000,1,12,23000000,122250000
486,22750000,122250000,1,12,23000000,122500000
487,22750000,122500000,1,12,23000000,122750000
488,22750000,122750000,1,12,23000000,123000000
489,22750000,123000000,1,12,23000000,123250000
490,22750000,123250000,1,12,23000000,123500000
491,22750000,123500000,1,12,23000000,123750000
492,22750000,123750000,1,12,23000000,124000000
493,22750000,124000000,1,12,23000000,124250000
494,23000000,120750000,1,12,23250000,121000000
495,23000000,121000000,1,12,23250000,121250000
496,23000000,121250000,1,12,23250000,121500000
497,23000000,121500000,1,12,23250000,121750000
498,23000000,121750000,1,12,23250000,122000000
499,23000000,122000000,1,12,23250000,122250000
500,23000000,122250000,1,12,23250000,122500000
501,23000000,122500000,1,12,23250000,122750000
502,23000000,122750000,1,12,23250000,123000000
503,23000000,123000000,1,12,23250000,123250000
504,23000000,123250000,1,12,23250000,123500000
505,23000000,123500000,1,12,23250000,123750000
506,23000000,123750000,1,12,23250000,124000000
507,23000000,124000000,1,12,23250000,124250000
508,23250000,120750000,1,12,23500000,121000000
509,23250000,121000000,1,12,23500000,121250000
510,23250000,121250000,1,12,23500000,121500000
511,23250000,121500000,1,12,23500000,121750000
512,23250000,121750000,1,12,23500000,122000000
513,23250000,122000000,1,12,23500000,122250000
514,23250000,122250000,1,12,23500000,122500000
515,23250000,122500000,1,12,23500000,122750000
516,23250000,122750000,1,12,23500000,123000000
517,23250000,123000000,1,12,23500000,123250000
518,23250000,123250000,1,12,23500000,123500000
519,23250000,123500000,1,12,23500000,123750000
520,23250000,123750000,1,12,23500000,124000000
521,23250000,124000000,1,12,23500000,124250000
522,23500000,120750000,1,12,23750000,121000000
523,23500000,121000000,1,12,23750000,121250000
524,23500000,121250000,1,12,23750000,121500000
525,23500000,121500000,1,12,23750000,121750000
526,23500000,121750000,1,12,23750000,122000000
527,23500000,122000000,1,12,23750000,122250000
528,23500000,122250000,1,12,23750000,122500000
529,23500000,122500000,1,12,23750000,122750000
530,23500000,122750000,1,12,23750000,123000000
531,23500000,123000000,1,12,23750000,123250000
532,23500000,123250000,1,12,23750000,123500000
533,23500000,123500000,1,12,23750000,123750000
534,23500000,123750000,1,12,23750000,124000000
535,23500000,124000000,1,12,23750000,124250000
536,23750000,120750000,1,12,24000000,121000000
537,23750000,121000000,1,12,24000000,121250000
538,23750000,121250000,1,12,24000000,121500000
539,23750000,121500000,1,12,24000000,121750000
540,23750000,121750000,1,12,24000000,122000000
541,23750000,122000000,1,12,24000000,122250000
542,23750000,122250000,1,12,24000000,122500000
543,23750000,122500000,1,12,24000000,122750000
544,23750000,122750000,1,12,24000000,123000000
545,23750000,123000000,1,12,24000000,123250000
546,23750000,123250000,1,12,24000000,123500000
547,23750000,123500000,1,12,24000000,123750000
548,23750000,123750000,1,12,24000000,124000000
549,23750000,124000000,1,12,24000000,124250000
550,24000000,120750000,1,12,24250000,121000000
551,24000000,121000000,1,12,24250000,121250000
552,24000000,121250000,1,12,24250000,121500000
553,24000000,121500000,1,12,24250000,121750000
554,24000000,121750000,1,12,24250000,122000000
555,24000000,122000000,1,12,24250000,122250000
556,24000000,122250000,1,12,24250000,122500000
557,24000000,122500000,1,12,24250000,122750000
558,24000000,122750000,1,12,24250000,123000000
559,24000000,123000000,1,12,24250000,123250000
560,24000000,123250000,1,12,24250000,123500000
561,24000000,123500000,1,12,24250000,123750000
562,24000000,123750000,1,12,24250000,124000000
563,24000000,124000000,1,12,24250000,124250000
564,24250000,120750000,1,12,24500000,121000000
565,24250000,121000000,1,12,24500000,121250000
566,24250000,121250000,1,12,24500000,121500000
567,24250000,121500000,1,12,24500000,121750000
568,24250000,121750000,1,12,24500000,122000000
569,24250000,122000000,1,12,24500000,122250000
570,24250000,122250000,1,12,24500000,122500000
571,24250000,122500000,1,12,24500000,122750000
572,24250000,122750000,1,12,24500000,123000000
573,24250000,123000000,1,12,24500000,123250000
574,24250000,123250000,1,12,24500000,123500000
575,24250000,123500000,1,12,24500000,123750000
576,24250000,123750000,1,12,24500000,124000000
577,24250000,124000000,1,12,24500000,124250000
578,24500000,120750000,1,12,24750000,121000000
579,24500000,121000000,1,12,24750000,121250000
580,24500000,121250000,1,12,24750000,121500000
581,24500000,121500000,1,12,24750000,121750000
582,24500000,121750000,1,12,24750000,122000000
583,24500000,122000000,1,12,24750000,122250000
584,24500000,122250000,1,12,24750000,122500000
585,24500000,122500000,1,12,24750000,122750000
586,24500000,122750000,1,12,24750000,123000000
587,24500000,123000000,1,12,24750000,123250000
588,24500000,123250000,1,12,24750000,123500000
589,24500000,123500000,1,12,24750000,123750000
590,24500000,123750000,1,12,24750000,124000000
591,24500000,124000000,1,12,24750000,124250000
592,24750000,120750000,1,12,25000000,121000000
593,24750000,121000000,1,12,25000000,121250000
594,24750000,121250000,1,12,25000000,121500000
595,24750000,121500000,1,12,25000000,121750000
596,24750000,121750000,1,12,25000000,122000000
597,24750000,122000000,1,12,25000000,122250000
598,24750000,122250000,1,12,25000000,122500000
599,24750000,122500000,1,12,25000000,122750000
600,24750000,122750000,1,12,25000000,123000000
601,24750000,123000000,1,12,25000000,123250000
602,24750000,123250000,1,12,25000000,123500000
603,24750000,123500000,1,12,25000000,123750000
604,24750000,123750000,1,12,25000000,124000000
605,24750000,124000000,1,12,25000000,124250000
606,25000000,120750000,1,12,25250000,121000000
607,25000000,121000000,1,12,25250000,121250000
608,25000000,121250000,1,12,25250000,121500000
609,25000000,121500000,1,12,25250000,121750000
610,25000000,121750000,1,12,25250000,122000000
611,25000000,122000000,1,12,25250000,122250000
612,25000000,122250000,1,12,25250000,122500000
613,25000000,122500000,1,12,25250000,122750000
614,25000000,122750000,1,12,25250000,123000000
615,25000000,123000000,1,12,25250000,123250000
616,25000000,123250000,1,12,25250000,123500000
617,25000000,123500000,1,12,25250000,123750000
618,25000000,123750000,1,12,25250000,124000000
619,25000000,124000000,1,12,25250000,124250000
620,25250000,120750000,1,12,25500000,121000000
621,25250000,121000000,1,12,25500000,121250000
622,25250000,121250000,1,12,25500000,121500000
623,25250000,121500000,1,12,25500000,121750000
624,25250000,121750000,1,12,25500000,122000000
625,25250000,122000000,1,12,25500000,122250000
626,25250000,122250000,1,12,25500000,122500000
627,25250000,122500000,1,12,25500000,122750000
628,25250000,122750000,1,12,25500000,123000000
629,25250000,123000000,1,12,25500000,123250000
630,25250000,123250000,1,12,25500000,123500000
631,25250000,123500000,1,12,25500000,123750000
632,25250000,123750000,1,12,25500000,124000000
633,25250000,124000000,1,12,25500000,124250000
634,25500000,120750000,1,12,25750000,121000000
635,25500000,121000000,1,12,25750000,121250000
636,25500000,121250000,1,12,25750000,121500000
637,25500000,121500000,1,12,25750000,121750000
638,25500000,121750000,1,12,25750000,122000000
639,25500000,122000000,1,12,25750000,122250000
640,25500000,122250000,1,12,25750000,122500000
641,25500000,122500000,1,12,25750000,122750000
642,25500000,122750000,1,12,25750000,123000000
643,25500000,123000000,1,12,25750000,123250000
644,25500000,123250000,1,12,25750000,123500000
645,25500000,123500000,1,12,25750000,123750000
646,25500000,123750000,1,12,25750000,124000000
647,25500000,124000000,1,12,25750000,124250000
648,25750000,120750000,1,12,26000000,121000000
649,25750000,121000000,1,12,26000000,121250000
650,25750000,121250000,1,12,26000000,121500000
651,25750000,121500000,1,12,26000000,121750000
652,25750000,121750000,1,12,26000000,122000000
653,25750000,122000000,1,12,26000000,122250000
654,25750000,122250000,1,12,26000000,122500000
655,25750000,122500000,1,12,26000000,122750000
656,25750000,122750000,1,12,26000000,123000000
657,25750000,123000000,1,12,26000000,123250000
658,25750000,123250000,1,12,26000000,123500000
659,25750000,123500000,1,12,26000000,123750000
660,25750000,123750000,1,12,26000000,124000000
661,25750000,124000000,1,12,26000000,124250000
662,26000000,120750000,1,12,26250000,121000000
663,26000000,121000000,1,12,26250000,121250000
664,26000000,121250000,1,12,26250000,121500000
665,26000000,121500000,1,12,26250000,121750000
666,26000000,121750000,1,12,26250000,122000000
667,26000000,122000000,1,12,26250000,122250000
668,26000000,122250000,1,12,26250000,122500000
669,26000000,122500000,1,12,26250000,122750000
670,26000000,122750000,1,12,26250000,123000000
671,26000000,123000000,1,12,26250000,123250000
672,26000000,123250000,1,12,26250000,123500000
673,26000000,123500000,1,12,26250000,123750000
674,26000000,123750000,1,12,26250000,124000000
675,26000000,124000000,1,12,26250000,124250000
676,26250000,120750000,1,12,26500000,121000000
677,26250000,121000000,1,12,26500000,121250000
678,26250000,121250000,1,12,26500000,121500000
679,26250000,121500000,1,12,26500000,121750000
680,26250000,121750000,1,12,26500000,122000000
681,26250000,122000000,1,12,26500000,122250000
682,26250000,122250000,1,12,26500000,122500000
683,26250000,122500000,1,12,26500000,122750000
684,26250000,122750000,1,12,26500000,123000000
685,26250000,123000000,1,12,26500000,123250000
686,26250000,123250000,1,12,26500000,123500000
687,26250000,123500000,1,12,26500000,123750000
688,26250000,123750000,1,12,26500000,124000000
689,26250000,124000000,1,12,26500000,124250000
690,26500000,120750000,1,12,26750000,121000000
691,26500000,121000000,1,12,26750000,121250000
692,26500000,121250000,1,12,26750000,121500000
693,26500000,121500000,1,12,26750000,121750000
694,26500000,121750000,1,12,26750000,122000000
695,26500000,122000000,1,12,26750000,122250000
696,26500000,122250000,1,12,26750000,122500000
697,26500000,122500000,1,12,26750000,122750000
698,26500000,122750000,1,12,26750000,123000000
699,26500000,123000000,1,12,26750000,123250000
700,26500000,123250000,1,12,26750000,123500000
701,26500000,123500000,1,12,26750000,123750000
702,26500000,123750000,1,12,26750000,124000000
703,26500000,124000000,1,12,26750000,124250000
704,26750000,120750000,1,12,27000000,121000000
705,26750000,121000000,1,12,27000000,121250000
706,26750000,121250000,1,12,27000000,121500000
707,26750000,121500000,1,12,27000000,121750000
708,26750000,121750000,1,12,27000000,122000000
709,26750000,122000000,1,12,27000000,122250000
710,26750000,122250000,1,12,27000000,122500000
711,26750000,122500000,1,12,27000000,122750000
712,26750000,122750000,1,12,27000000,123000000
713,26750000,123000000,1,12,27000000,123250000
714,26750000,123250000,1,12,27000000,123500000
715,26750000,123500000,1,12,27000000,123750000
716,26750000,123750000,1,12,27000000,124000000
717,26750000,124000000,1,12,27000000,124250000
718,27000000,120750000,1,12,27250000,121000000
719,27000000,121000000,1,12,27250000,121250000
720,27000000,121250000,1,12,27250000,121500000
721,27000000,121500000,1,12,27250000,121750000
722,27000000,121750000,1,12,27250000,122000000
723,27000000,122000000,1,12,27250000,122250000
724,27000000,122250000,1,12,27250000,122500000
725,27000000,122500000,1,12,27250000,122750000
726,27000000,122750000,1,12,27250000,123000000
727,27000000,123000000,1,12,27250000,123250000
728,27000000,123250000,1,12,27250000,123500000
729,27000000,123500000,1,12,27250000,123750000
730,27000000,123750000,1,12,27250000,124000000
731,27000000,124000000,1,12,27250000,124250000
732,27250000,120750000,1,12,27500000,121000000
733,27250000,121000000,1,12,27500000,121250000
734,27250000,121250000,1,12,27500000,121500000
735,27250000,121500000,1,12,27500000,121750000
736,27250000,121750000,1,12,27500000,122000000
737,27250000,122000000,1,12,27500000,122250000
738,27250000,122250000,1,12,27500000,122500000
739,27250000,122500000,1,12,27500000,122750000
740,27250000,122750000,1,12,27500000,123000000
741,27250000,123000000,1,12,27500000,123250000
742,27250000,123250000,1,12,27500000,123500000
743,27250000,123500000,1,12,27500000,123750000
744,27250000,123750000,1,12,27500000,124000000
745,27250000,124000000,1,12,27500000,124250000
746,27500000,120750000,1,12,27750000,121000000
747,27500000,121000000,1,12,27750000,121250000
748,27500000,121250000,1,12,27750000,121500000
749,27500000,121500000,1,12,27750000,121750000
750,27500000,121750000,1,12,27750000,122000000
751,27500000,122000000,1,12,27750000,122250000
752,27500000,122250000,1,12,27750000,122500000
753,27500000,122500000,1,12,27750000,122750000
754,27500000,122750000,1,12,27750000,123000000
755,27500000,123000000,1,12,27750000,123250000
756,27500000,123250000,1,12,27750000,123500000
757,27500000,123500000,1,12,27750000,123750000
758,27500000,123750000,1,12,27750000,124000000
759,27500000,124000000,1,12,27750000,124250000
760,27750000,120750000,1,12,28000000,121000000
761,27750000,121000000,1,12,28000000,121250000
762,27750000,121250000,1,12,28000000,121500000
763,27750000,121500000,1,12,28000000,121750000
764,27750000,121750000,1,12,28000000,122000000
765,27750000,122000000,1,12,28000000,122250000
766,27750000,122250000,1,12,28000000,122500000
767,27750000,122500000,1,12,28000000,122750000
768,27750000,122750000,1,12,28000000,123000000
769,27750000,123000000,1,12,28000000,123250000
770,27750000,123250000,1,12,28000000,123500000
771,27750000,123500000,1,12,28000000,123750000
772,27750000,123750000,1,12,28000000,124000000
773,27750000,124000000,1,12,28000000,124250000
774,28000000,120750000,1,12,28250000,121000000
775,28000000,121000000,1,12,28250000,121250000
776,28000000,121250000,1,12,28250000,121500000
777,28000000,121500000,1,12,28250000,121750000
778,28000000,121750000,1,12,28250000,122000000
779,28000000,122000000,1,12,28250000,122250000
780,28000000,122250000,1,12,28250000,122500000
781,28000000,122500000,1,12,28250000,122750000
782,28000000,122750000,1,12,28250000,123000000
783,28000000,123000000,1,12,28250000,123250000
784,28000000,123250000,1,12,28250000,123500000
785,28000000,123500000,1,12,28250000,123750000
786,28000000,123750000,1,12,28250000,124000000
787,28000000,124000000,1,12,28250000,124250000
788,28250000,120750000,1,12,28500000,121000000
789,28250000,121000000,1,12,28500000,121250000
790,28250000,121250000,1,12,28500000,121500000
791,28250000,121500000,1,12,28500000,121750000
792,28250000,121750000,1,12,28500000,122000000
793,28250000,122000000,1,12,28500000,122250000
794,28250000,122250000,1,12,28500000,122500000
795,28250000,122500000,1,12,28500000,122750000
796,28250000,122750000,1,12,28500000,123000000
797,28250000,123000000,1,12,28500000,123250000
798,28250000,123250000,1,12,28500000,123500000
799,28250000,123500000,1,12,28500000,123750000
800,28250000,123750000,1,12,28500000,124000000
801,28250000,124000000,1,12,28500000,124250000
802,7750000,120500000,1,12,8000000,120750000
803,7750000,120750000,1,12,8000000,121000000
804,7750000,121000000,1,12,8000000,121250000
805,7750000,121250000,1,12,8000000,121500000
806,7750000,121500000,1,12,8000000,121750000
807,7750000,121750000,1,12,8000000,122000000
808,7750000,122000000,1,12,8000000,122250000
809,7750000,122250000,1,12,8000000,122500000
810,7750000,122500000,1,12,8000000,122750000
811,7750000,122750000,1,12,8000000,123000000
812,7750000,123000000,1,12,8000000,123250000
813,7750000,123250000,1,12,8000000,123500000
814,7750000,123500000,1,12,8000000,123750000
815,7750000,123750000,1,12,8000000,124000000
816,7750000,124000000,1,12,8000000,124250000
817,8000000,120500000,1,12,8250000,120750000
818,8000000,120750000,1,12,8250000,121000000
819,8000000,121000000,1,12,8250000,121250000
820,8000000,121250000,1,12,8250000,121500000
821,8000000,121500000,1,12,8250000,121750000
822,8000000,121750000,1,12,8250000,122000000
823,8000000,122000000,1,12,8250000,122250000
824,8000000,122250000,1,12,8250000,122500000
825,8000000,122500000,1,12,8250000,122750000
826,8000000,122750000,1,12,8250000,123000000
827,8000000,123000000,1,12,8250000,123250000
828,8000000,123250000,1,12,8250000,123500000
829,8000000,123500000,1,12,8250000,123750000
830,8000000,123750000,1,12,8250000,124000000
831,8000000,124000000,1,12,8250000,124250000
832,8250000,120500000,1,12,8500000,120750000
833,8250000,120750000,1,12,8500000,121000000
834,8250000,121000000,1,12,8500000,121250000
835,8250000,121250000,1,12,8500000,121500000
836,8250000,121500000,1,12,8500000,121750000
837,8250000,121750000,1,12,8500000,122000000
838,8250000,122000000,1,12,8500000,122250000
839,8250000,122250000,1,12,8500000,122500000
840,8250000,122500000,1,12,8500000,122750000
841,8250000,122750000,1,12,8500000,123000000
842,8250000,123000000,1,12,8500000,123250000
843,8250000,123250000,1,12,8500000,123500000
844,8250000,123500000,1,12,8500000,123750000
845,8250000,123750000,1,12,8500000,124000000
846,8250000,124000000,1,12,8500000,124250000
847,8500000,120500000,1,12,8750000,120750000
848,8500000,120750000,1,12,8750000,121000000
849,8500000,121000000,1,12,8750000,121250000
850,8500000,121250000,1,12,8750000,121500000
851,8500000,121500000,1,12,8750000,121750000
852,8500000,121750000,1,12,8750000,122000000
853,8500000,122000000,1,12,8750000,122250000
854,8500000,122250000,1,12,8750000,122500000
855,8500000,122500000,1,12,8750000,122750000
856,8500000,122750000,1,12,8750000,123000000
857,8500000,123000000,1,12,8750000,123250000
858,8500000,123250000,1,12,8750000,123500000
859,8500000,123500000,1,12,8750000,123750000
860,8500000,123750000,1,12,8750000,124000000
861,8500000,124000000,1,12,8750000,124250000
862,8750000,120500000,1,12,9000000,120750000
863,8750000,120750000,1,12,9000000,121000000
864,8750000,121000000,1,12,9000000,121250000
865,8750000,121250000,1,12,9000000,121500000
866,8750000,121500000,1,12,9000000,121750000
867,8750000,121750000,1,12,9000000,122000000
868,8750000,122000000,1,12,9000000,122250000
869,8750000,122250000,1,12,9000000,122500000
870,8750000,122500000,1,12,9000000,122750000
871,8750000,122750000,1,12,9000000,123000000
872,8750000,123000000,1,12,9000000,123250000
873,8750000,123250000,1,12,9000000,123500000
874,8750000,123500000,1,12,9000000,123750000
875,8750000,123750000,1,12,9000000,124000000
876,8750000,124000000,1,12,9000000,124250000
877,9000000,120500000,1,12,9250000,120750000
878,9000000,120750000,1,12,9250000,121000000
879,9000000,121000000,1,12,9250000,121250000
880,9000000,121250000,1,12,9250000,121500000
881,9000000,121500000,1,12,9250000,121750000
882,9000000,121750000,1,12,9250000,122000000
883,9000000,122000000,1,12,9250000,122250000
884,9000000,122250000,1,12,9250000,122500000
885,9000000,122500000,1,12,9250000,122750000
886,9000000,122750000,1,12,9250000,123000000
887,9000000,123000000,1,12,9250000,123250000
888,9000000,123250000,1,12,9250000,123500000
889,9000000,123500000,1,12,9250000,123750000
890,9000000,123750000,1,12,9250000,124000000
891,9000000,124000000,1,12,9250000,124250000
892,9250000,120500000,1,12,9500000,120750000
893,9250000,120750000,1,12,9500000,121000000
894,9250000,121000000,1,12,9500000,121250000
895,9250000,121250000,1,12,9500000,121500000
896,9250000,121500000,1,12,9500000,121750000
897,9250000,121750000,1,12,9500000,122000000
898,9250000,122000000,1,12,9500000,122250000
899,9250000,122250000,1,12,9500000,122500000
900,9250000,122500000,1,12,9500000,122750000
901,9250000,122750000,1,12,9500000,123000000
902,9250000,123000000,1,12,9500000,123250000
903,9250000,123250000,1,12,9500000,123500000
904,9250000,123500000,1,12,9500000,123750000
905,9250000,123750000,1,12,9500000,124000000
906,9250000,124000000,1,12,9500000,124250000
907,9500000,120500000,1,12,9750000,120750000
908,9500000,120750000,1,12,9750000,121000000
909,9500000,121000000,1,12,9750000,121250000
910,9500000,121250000,1,12,9750000,121500000
911,9500000,121500000,1,12,9750000,121750000
912,9500000,121750000,1,12,9750000,122000000
913,9500000,122000000,1,12,9750000,122250000
914,9500000,122250000,1,12,9750000,122500000
915,9500000,122500000,1,12,9750000,122750000
916,9500000,122750000,1,12,9750000,123000000
917,9500000,123000000,1,12,9750000,123250000
918,9500000,123250000,1,12,9750000,123500000
919,9500000,123500000,1,12,9750000,123750000
920,9500000,123750000,1,12,9750000,124000000
921,9500000,124000000,1,12,9750000,124250000
922,9750000,120500000,1,12,10000000,120750000
923,9750000,120750000,1,12,10000000,121000000
924,9750000,121000000,1,12,10000000,121250000
925,9750000,121250000,1,12,10000000,121500000
926,9750000,121500000,1,12,10000000,121750000
927,9750000,121750000,1,12,10000000,122000000
928,9750000,122000000,1,12,10000000,122250000
929,9750000,122250000,1,12,10000000,122500000
930,9750000,122500000,1,12,10000000,122750000
931,9750000,122750000,1,12,10000000,123000000
932,9750000,123000000,1,12,10000000,123250000
933,9750000,123250000,1,12,10000000,123500000
934,9750000,123500000,1,12,10000000,123750000
935,9750000,123750000,1,12,10000000,124000000
936,9750000,124000000,1,12,10000000,124250000
937,10000000,120500000,1,12,10250000,120750000
938,10000000,120750000,1,12,10250000,121000000
939,10000000,121000000,1,12,10250000,121250000
940,10000000,121250000,1,12,10250000,121500000
941,10000000,121500000,1,12,10250000,121750000
942,10000000,121750000,1,12,10250000,122000000
943,10000000,122000000,1,12,10250000,122250000
944,10000000,122250000,1,12,10250000,122500000
945,10000000,122500000,1,12,10250000,122750000
946,10000000,122750000,1,12,10250000,123000000
947,10000000,123000000,1,12,10250000,123250000
948,10000000,123250000,1,12,10250000,123500000
949,10000000,123500000,1,12,10250000,123750000
950,10000000,123750000,1,12,10250000,124000000
951,10000000,124000000,1,12,10250000,124250000
952,10250000,120500000,1,12,10500000,120750000
953,10250000,120750000,1,12,10500000,121000000
954,10250000,121000000,1,12,10500000,121250000
955,10250000,121250000,1,12,10500000,121500000
956,10250000,121500000,1,12,10500000,121750000
957,10250000,121750000,1,12,10500000,122000000
958,10250000,122000000,1,12,10500000,122250000
959,10250000,122250000,1,12,10500000,122500000
960,10250000,122500000,1,12,10500000,122750000
961,10250000,122750000,1,12,10500000,123000000
962,10250000,123000000,1,12,10500000,123250000
963,10250000,123250000,1,12,10500000,123500000
964,10250000,123500000,1,12,10500000,123750000
965,10250000,123750000,1,12,10500000,124000000
966,10250000,124000000,1,12,10500000,124250000
967,10500000,120500000,1,12,10750000,120750000
968,10500000,120750000,1,12,10750000,121000000
969,10500000,121000000,1,12,10750000,121250000
970,10500000,121250000,1,12,10750000,121500000
971,10500000,121500000,1,12,10750000,121750000
972,10500000,121750000,1,12,10750000,122000000
973,10500000,122000000,1,12,10750000,122250000
974,10500000,122250000,1,12,10750000,122500000
975,10500000,122500000,1,12,10750000,122750000
976,10500000,122750000,1,12,10750000,123000000
977,10500000,123000000,1,12,10750000,123250000
978,10500000,123250000,1,12,10750000,123500000
979,10500000,123500000,1,12,10750000,123750000
980,10500000,123750000,1,12,10750000,124000000
981,10500000,124000000,1,12,10750000,124250000
982,10750000,120500000,1,12,11000000,120750000
983,10750000,120750000,1,12,11000000,121000000
984,10750000,121000000,1,12,11000000,121250000
985,10750000,121250000,1,12,11000000,121500000
986,10750000,121500000,1,12,11000000,121750000
987,10750000,121750000,1,12,11000000,122000000
988,10750000,122000000,1,12,11000000,122250000
989,10750000,122250000,1,12,11000000,122500000
990,10750000,122500000,1,12,11000000,122750000
991,10750000,122750000,1,12,11000000,123000000
992,10750000,123000000,1,12,11000000,123250000
993,10750000,123250000,1,12,11000000,123500000
994,10750000,123500000,1,12,11000000,123750000
995,10750000,123750000,1,12,11000000,124000000
996,10750000,124000000,1,12,11000000,124250000
997,11000000,120500000,1,12,11250000,120750000
998,11000000,120750000,1,12,11250000,121000000
999,11000000,121000000,1,12,11250000,121250000
1000,11000000,121250000,1,12,11250000,121500000
1001,11000000,121500000,1,12,11250000,121750000
1002,11000000,121750000,1,12,11250000,122000000
1003,11000000,122000000,1,12,11250000,122250000
1004,11000000,122250000,1,12,11250000,122500000
1005,11000000,122500000,1,12,11250000,122750000
1006,11000000,122750000,1,12,11250000,123000000
1007,11000000,123000000,1,12,11250000,123250000
1008,11000000,123250000,1,12,11250000,123500000
1009,11000000,123500000,1,12,11250000,123750000
1010,11000000,123750000,1,12,11250000,124000000
1011,11000000,124000000,1,12,11250000,124250000
1012,201250000,120750000,1,12,201500000,121000000
1013,201250000,121000000,1,12,201500000,121250000
1014,201250000,121250000,1,12,201500000,121500000
1015,201250000,121500000,1,12,201500000,121750000
1016,201250000,121750000,1,12,201500000,122000000
1017,201250000,122000000,1,12,201500000,122250000
1018,201250000,122250000,1,12,201500000,122500000
1019,201250000,122500000,1,12,201500000,122750000
1020,201250000,122750000,1,12,201500000,123000000
1021,201250000,123000000,1,12,201500000,123250000
1022,201250000,123250000,1,12,201500000,123500000
1023,201250000,123500000,1,12,201500000,123750000
1024,201250000,123750000,1,12,201500000,124000000
1025,201250000,124000000,1,12,201500000,124250000
1026,201250000,124250000,1,12,201500000,124500000
1027,201250000,124500000,1,12,201500000,124750000
1028,201250000,124750000,1,12,201500000,125000000
1029,201250000,125000000,1,12,201500000,125250000
1030,201500000,120750000,1,12,201750000,121000000
1031,201500000,121000000,1,12,201750000,121250000
1032,201500000,121250000,1,12,201750000,121500000
1033,201500000,121500000,1,12,201750000,121750000
1034,201500000,121750000,1,12,201750000,122000000
1035,201500000,122000000,1,12,201750000,122250000
1036,201500000,122250000,1,12,201750000,122500000
1037,201500000,122500000,1,12,201750000,122750000
1038,201500000,122750000,1,12,201750000,123000000
1039,201500000,123000000,1,12,201750000,123250000
1040,201500000,123250000,1,12,201750000,123500000
1041,201500000,123500000,1,12,201750000,123750000
1042,201500000,123750000,1,12,201750000,124000000
1043,201500000,124000000,1,12,201750000,124250000
1044,201500000,124250000,1,12,201750000,124500000
1045,201500000,124500000,1,12,201750000,124750000
1046,201500000,124750000,1,12,201750000,125000000
1047,201500000,125000000,1,12,201750000,125250000
1048,201750000,120750000,1,12,202000000,121000000
1049,201750000,121000000,1,12,202000000,121250000
1050,201750000,121250000,1,12,202000000,121500000
1051,201750000,121500000,1,12,202000000,121750000
1052,201750000,121750000,1,12,202000000,122000000
1053,201750000,122000000,1,12,202000000,122250000
1054,201750000,122250000,1,12,202000000,122500000
1055,201750000,122500000,1,12,202000000,122750000
1056,201750000,122750000,1,12,202000000,123000000
1057,201750000,123000000,1,12,202000000,123250000
1058,201750000,123250000,1,12,202000000,123500000
1059,201750000,123500000,1,12,202000000,123750000
1060,201750000,123750000,1,12,202000000,124000000
1061,201750000,124000000,1,12,202000000,124250000
1062,201750000,124250000,1,12,202000000,124500000
1063,201750000,124500000,1,12,202000000,124750000
1064,201750000,124750000,1,12,202000000,125000000
1065,201750000,125000000,1,12,202000000,125250000
1066,202000000,120750000,1,12,202250000,121000000
1067,202000000,121000000,1,12,202250000,121250000
1068,202000000,121250000,1,12,202250000,121500000
1069,202000000,121500000,1,12,202250000,121750000
1070,202000000,121750000,1,12,202250000,122000000
1071,202000000,122000000,1,12,202250000,122250000
1072,202000000,122250000,1,12,202250000,122500000
1073,202000000,122500000,1,12,202250000,122750000
1074,202000000,122750000,1,12,202250000,123000000
1075,202000000,123000000,1,12,202250000,123250000
1076,202000000,123250000,1,12,202250000,123500000
1077,202000000,123500000,1,12,202250000,123750000
1078,202000000,123750000,1,12,202250000,124000000
1079,202000000,124000000,1,12,202250000,124250000
1080,202000000,124250000,1,12,202250000,124500000
1081,202000000,124500000,1,12,202250000,124750000
1082,202000000,124750000,1,12,202250000,125000000
1083,202000000,125000000,1,12,202250000,125250000
1084,202250000,120750000,1,12,202500000,121000000
1085,202250000,121000000,1,12,202500000,121250000
1086,202250000,121250000,1,12,202500000,121500000
1087,202250000,121500000,1,12,202500000,121750000
1088,202250000,121750000,1,12,202500000,122000000
1089,202250000,122000000,1,12,202500000,122250000
1090,202250000,122250000,1,12,202500000,122500000
1091,202250000,122500000,1,12,202500000,122750000
1092,202250000,122750000,1,12,202500000,123000000
1093,202250000,123000000,1,12,202500000,123250000
1094,202250000,123250000,1,12,202500000,123500000
1095,202250000,123500000,1,12,202500000,123750000
1096,202250000,123750000,1,12,202500000,124000000
1097,202250000,124000000,1,12,202500000,124250000
1098,202250000,124250000,1,12,202500000,124500000
1099,202250000,124500000,1,12,202500000,124750000
1100,202250000,124750000,1,12,202500000,125000000
1101,202250000,125000000,1,12,202500000,125250000
1102,202500000,120750000,1,12,202750000,121000000
1103,202500000,121000000,1,12,202750000,121250000
1104,202500000,121250000,1,12,202750000,121500000
1105,202500000,121500000,1,12,202750000,121750000
1106,202500000,121750000,1,12,202750000,122000000
1107,202500000,122000000,1,12,202750000,122250000
1108,202500000,122250000,1,12,202750000,122500000
1109,202500000,122500000,1,12,202750000,122750000
1110,202500000,122750000,1,12,202750000,123000000
1111,202500000,123000000,1,12,202750000,123250000
1112,202500000,123250000,1,12,202750000,123500000
1113,202500000,123500000,1,12,202750000,123750000
1114,202500000,123750000,1,12,202750000,124000000
1115,202500000,124000000,1,12,202750000,124250000
1116,202500000,124250000,1,12,202750000,124500000
1117,202500000,124500000,1,12,202750000,124750000
1118,202500000,124750000,1,12,202750000,125000000
1119,202500000,125000000,1,12,202750000,125250000
1120,202750000,120750000,1,12,203000000,121000000
1121,202750000,121000000,1,12,203000000,121250000
1122,202750000,121250000,1,12,203000000,121500000
1123,202750000,121500000,1,12,203000000,121750000
1124,202750000,121750000,1,12,203000000,122000000
1125,202750000,122000000,1,12,203000000,122250000
1126,202750000,122250000,1,12,203000000,122500000
1127,202750000,122500000,1,12,203000000,122750000
1128,202750000,122750000,1,12,203000000,123000000
1129,202750000,123000000,1,12,203000000,123250000
1130,202750000,123250000,1,12,203000000,123500000
1131,202750000,123500000,1,12,203000000,123750000
1132,202750000,123750000,1,12,203000000,124000000
1133,202750000,124000000,1,12,203000000,124250000
1134,202750000,124250000,1,12,203000000,124500000
1135,202750000,124500000,1,12,203000000,124750000
1136,202750000,124750000,1,12,203000000,125000000
1137,202750000,125000000,1,12,203000000,125250000
1138,203000000,120750000,1,12,203250000,121000000
1139,203000000,121000000,1,12,203250000,121250000
1140,203000000,121250000,1,12,203250000,121500000
1141,203000000,121500000,1,12,203250000,121750000
1142,203000000,121750000,1,12,203250000,122000000
1143,203000000,122000000,1,12,203250000,122250000
1144,203000000,122250000,1,12,203250000,122500000
1145,203000000,122500000,1,12,203250000,122750000
1146,203000000,122750000,1,12,203250000,123000000
1147,203000000,123000000,1,12,203250000,123250000
1148,203000000,123250000,1,12,203250000,123500000
1149,203000000,123500000,1,12,203250000,123750000
1150,203000000,123750000,1,12,203250000,124000000
1151,203000000,124000000,1,12,203250000,124250000
1152,203000000,124250000,1,12,203250000,124500000
1153,203000000,124500000,1,12,203250000,124750000
1154,203000000,124750000,1,12,203250000,125000000
1155,203000000,125000000,1,12,203250000,125250000
1156,203250000,120750000,1,12,203500000,121000000
1157,203250000,121000000,1,12,203500000,121250000
1158,203250000,121250000,1,12,203500000,121500000
1159,203250000,121500000,1,12,203500000,121750000
1160,203250000,121750000,1,12,203500000,122000000
1161,203250000,122000000,1,12,203500000,122250000
1162,203250000,122250000,1,12,203500000,122500000
1163,203250000,122500000,1,12,203500000,122750000
1164,203250000,122750000,1,12,203500000,123000000
1165,203250000,123000000,1,12,203500000,123250000
1166,203250000,123250000,1,12,203500000,123500000
1167,203250000,123500000,1,12,203500000,123750000
1168,203250000,123750000,1,12,203500000,124000000
1169,203250000,124000000,1,12,203500000,124250000
1170,203250000,124250000,1,12,203500000,124500000
1171,203250000,124500000,1,12,203500000,124750000
1172,203250000,124750000,1,12,203500000,125000000
1173,203250000,125000000,1,12,203500000,125250000
1174,203500000,120750000,1,12,203750000,121000000
1175,203500000,121000000,1,12,203750000,121250000
1176,203500000,121250000,1,12,203750000,121500000
1177,203500000,121500000,1,12,203750000,121750000
1178,203500000,121750000,1,12,203750000,122000000
1179,203500000,122000000,1,12,203750000,122250000
1180,203500000,122250000,1,12,203750000,122500000
1181,203500000,122500000,1,12,203750000,122750000
1182,203500000,122750000,1,12,203750000,123000000
1183,203500000,123000000,1,12,203750000,123250000
1184,203500000,123250000,1,12,203750000,123500000
1185,203500000,123500000,1,12,203750000,123750000
1186,203500000,123750000,1,12,203750000,124000000
1187,203500000,124000000,1,12,203750000,124250000
1188,203500000,124250000,1,12,203750000,124500000
1189,203500000,124500000,1,12,203750000,124750000
1190,203500000,124750000,1,12,203750000,125000000
1191,203500000,125000000,1,12,203750000,125250000
1192,247000000,125750000,1,12,247250000,126000000
1193,247000000,126000000,1,12,247250000,126250000
1194,247000000,126250000,1,12,247250000,126500000
1195,247000000,126500000,1,12,247250000,126750000
1196,247000000,126750000,1,12,247250000,127000000
1197,247000000,127000000,1,12,247250000,127250000
1198,247000000,127250000,1,12,247250000,127500000
1199,247000000,127500000,1,12,247250000,127750000
1200,247000000,127750000,1,12,247250000,128000000
1201,247000000,128000000,1,12,247250000,128250000
1202,247000000,128250000,1,12,247250000,128500000
1203,247000000,128500000,1,12,247250000,128750000
1204,247000000,128750000,1,12,247250000,129000000
1205,247000000,129000000,1,12,247250000,129250000
1206,247000000,129250000,1,12,247250000,129500000
1207,247000000,129500000,1,12,247250000,129750000
1208,247000000,129750000,1,12,247250000,130000000
1209,247000000,130000000,1,12,247250000,130250000
1210,247000000,130250000,1,12,247250000,130500000
1211,247000000,130500000,1,12,247250000,130750000
1212,247000000,130750000,1,12,247250000,131000000
1213,247000000,131000000,1,12,247250000,131250000
1214,247000000,131250000,1,12,247250000,131500000
1215,247000000,131500000,1,12,247250000,131750000
1216,247000000,131750000,1,12,247250000,132000000
1217,247000000,132000000,1,12,247250000,132250000
1218,247250000,125750000,1,12,247500000,126000000
1219,247250000,126000000,1,12,247500000,126250000
1220,247250000,126250000,1,12,247500000,126500000
1221,247250000,126500000,1,12,247500000,126750000
1222,247250000,126750000,1,12,247500000,127000000
1223,247250000,127000000,1,12,247500000,127250000
1224,247250000,127250000,1,12,247500000,127500000
1225,247250000,127500000,1,12,247500000,127750000
1226,247250000,127750000,1,12,247500000,128000000
1227,247250000,128000000,1,12,247500000,128250000
1228,247250000,128250000,1,12,247500000,128500000
1229,247250000,128500000,1,12,247500000,128750000
1230,247250000,128750000,1,12,247500000,129000000
1231,247250000,129000000,1,12,247500000,129250000
1232,247250000,129250000,1,12,247500000,129500000
1233,247250000,129500000,1,12,247500000,129750000
1234,247250000,129750000,1,12,247500000,130000000
1235,247250000,130000000,1,12,247500000,130250000
1236,247250000,130250000,1,12,247500000,130500000
1237,247250000,130500000,1,12,247500000,130750000
1238,247250000,130750000,1,12,247500000,131000000
1239,247250000,131000000,1,12,247500000,131250000
1240,247250000,131250000,1,12,247500000,131500000
1241,247250000,131500000,1,12,247500000,131750000
1242,247250000,131750000,1,12,247500000,132000000
1243,247250000,132000000,1,12,247500000,132250000
1244,247500000,125750000,1,12,247750000,126000000
1245,247500000,126000000,1,12,247750000,126250000
1246,247500000,126250000,1,12,247750000,126500000
1247,247500000,126500000,1,12,247750000,126750000
1248,247500000,126750000,1,12,247750000,127000000
1249,247500000,127000000,1,12,247750000,127250000
1250,247500000,127250000,1,12,247750000,127500000
1251,247500000,127500000,1,12,247750000,127750000
1252,247500000,127750000,1,12,247750000,128000000
1253,247500000,128000000,1,12,247750000,128250000
1254,247500000,128250000,1,12,247750000,128500000
1255,247500000,128500000,1,12,247750000,128750000
1256,247500000,128750000,1,12,247750000,129000000
1257,247500000,129000000,1,12,247750000,129250000
1258,247500000,129250000,1,12,247750000,129500000
1259,247500000,129500000,1,12,247750000,129750000
1260,247500000,129750000,1,12,247750000,130000000
1261,247500000,130000000,1,12,247750000,130250000
1262,247500000,130250000,1,12,247750000,130500000
1263,247500000,130500000,1,12,247750000,130750000
1264,247500000,130750000,1,12,247750000,131000000
1265,247500000,131000000,1,12,247750000,131250000
1266,247500000,131250000,1,12,247750000,131500000
1267,247500000,131500000,1,12,247750000,131750000
1268,247500000,131750000,1,12,247750000,132000000
1269,247500000,132000000,1,12,247750000,132250000
1270,247750000,125750000,1,12,248000000,126000000
1271,247750000,126000000,1,12,248000000,126250000
1272,247750000,126250000,1,12,248000000,126500000
1273,247750000,126500000,1,12,248000000,126750000
1274,247750000,126750000,1,12,248000000,127000000
1275,247750000,127000000,1,12,248000000,127250000
1276,247750000,127250000,1,12,248000000,127500000
1277,247750000,127500000,1,12,248000000,127750000
1278,247750000,127750000,1,12,248000000,128000000
1279,247750000,128000000,1,12,248000000,128250000
1280,247750000,128250000,1,12,248000000,128500000
1281,247750000,128500000,1,12,248000000,128750000
1282,247750000,128750000,1,12,248000000,129000000
1283,247750000,129000000,1,12,248000000,129250000
1284,247750000,129250000,1,12,248000000,129500000
1285,247750000,129500000,1,12,248000000,129750000
1286,247750000,129750000,1,12,248000000,130000000
1287,247750000,130000000,1,12,248000000,130250000
1288,247750000,130250000,1,12,248000000,130500000
1289,247750000,130500000,1,12,248000000,130750000
1290,247750000,130750000,1,12,248000000,131000000
1291,247750000,131000000,1,12,248000000,131250000
1292,247750000,131250000,1,12,248000000,131500000
1293,247750000,131500000,1,12,248000000,131750000
1294,247750000,131750000,1,12,248000000,132000000
1295,247750000,132000000,1,12,248000000,132250000
1296,248000000,125750000,1,12,248250000,126000000
1297,248000000,126000000,1,12,248250000,126250000
1298,248000000,126250000,1,12,248250000,126500000
1299,248000000,126500000,1,12,248250000,126750000
1300,248000000,126750000,1,12,248250000,127000000
1301,248000000,127000000,1,12,248250000,127250000
1302,248000000,127250000,1,12,248250000,127500000
1303,248000000,127500000,1,12,248250000,127750000
1304,248000000,127750000,1,12,248250000,128000000
1305,248000000,128000000,1,12,248250000,128250000
1306,248000000,128250000,1,12,248250000,128500000
1307,248000000,128500000,1,12,248250000,128750000
1308,248000000,128750000,1,12,248250000,129000000
1309,248000000,129000000,1,12,248250000,129250000
1310,248000000,129250000,1,12,248250000,129500000
1311,248000000,129500000,1,12,248250000,129750000
1312,248000000,129750000,1,12,248250000,130000000
1313,248000000,130000000,1,12,248250000,130250000
1314,248000000,130250000,1,12,248250000,130500000
1315,248000000,130500000,1,12,248250000,130750000
1316,248000000,130750000,1,12,248250000,131000000
1317,248000000,131000000,1,12,248250000,131250000
1318,248000000,131250000,1,12,248250000,131500000
1319,248000000,131500000,1,12,248250000,131750000
1320,248000000,131750000,1,12,248250000,132000000
1321,248000000,132000000,1,12,248250000,132250000
1322,21000000,49250000,1,12,21250000,49500000
1323,21000000,49500000,1,12,21250000,49750000
1324,21000000,49750000,1,12,21250000,50000000
1325,21000000,50000000,1,12,21250000,50250000
1326,21000000,50250000,1,12,21250000,50500000
1327,21000000,50500000,1,12,21250000,50750000
1328,21000000,50750000,1,12,21250000,51000000
1329,21000000,51000000,1,12,21250000,51250000
1330,21000000,51250000,1,12,21250000,51500000
1331,21000000,51500000,1,12,21250000,51750000
1332,21000000,51750000,1,12,21250000,52000000
1333,21000000,52000000,1,12,21250000,52250000
1334,21000000,52250000,1,12,21250000,52500000
1335,21000000,52500000,1,12,21250000,52750000
1336,21000000,52750000,1,12,21250000,53000000
1337,21000000,53000000,1,12,21250000,53250000
1338,21000000,53250000,1,12,21250000,53500000
1339,21000000,53500000,1,12,21250000,53750000
1340,21000000,53750000,1,12,21250000,54000000
1341,21250000,49250000,1,12,21500000,49500000
1342,21250000,49500000,1,12,21500000,49750000
1343,21250000,49750000,1,12,21500000,50000000
1344,21250000,50000000,1,12,21500000,50250000
1345,21250000,50250000,1,12,21500000,50500000
1346,21250000,50500000,1,12,21500000,50750000
1347,21250000,50750000,1,12,21500000,51000000
1348,21250000,51000000,1,12,21500000,51250000
1349,21250000,51250000,1,12,21500000,51500000
1350,21250000,51500000,1,12,21500000,51750000
1351,21250000,51750000,1,12,21500000,52000000
1352,21250000,52000000,1,12,21500000,52250000
1353,21250000,52250000,1,12,21500000,52500000
1354,21250000,52500000,1,12,21500000,52750000
1355,21250000,52750000,1,12,21500000,53000000
1356,21250000,53000000,1,12,21500000,53250000
1357,21250000,53250000,1,12,21500000,53500000
1358,21250000,53500000,1,12,21500000,53750000
1359,21250000,53750000,1,12,21500000,54000000
1360,21500000,49250000,1,12,21750000,49500000
1361,21500000,49500000,1,12,21750000,49750000
1362,21500000,49750000,1,12,21750000,50000000
1363,21500000,50000000,1,12,21750000,50250000
1364,21500000,50250000,1,12,21750000,50500000
1365,21500000,50500000,1,12,21750000,50750000
1366,21500000,50750000,1,12,21750000,51000000
1367,21500000,51000000,1,12,21750000,51250000
1368,21500000,51250000,1,12,21750000,51500000
1369,21500000,51500000,1,12,21750000,51750000
1370,21500000,51750000,1,12,21750000,52000000
1371,21500000,52000000,1,12,21750000,52250000
1372,21500000,52250000,1,12,21750000,52500000
1373,21500000,52500000,1,12,21750000,52750000
1374,21500000,52750000,1,12,21750000,53000000
1375,21500000,53000000,1,12,21750000,53250000
1376,21500000,53250000,1,12,21750000,53500000
1377,21500000,53500000,1,12,21750000,53750000
1378,21500000,53750000,1,12,21750000,54000000
1379,21750000,49250000,1,12,22000000,49500000
1380,21750000,49500000,1,12,22000000,49750000
1381,21750000,49750000,1,12,22000000,50000000
1382,21750000,50000000,1,12,22000000,50250000
1383,21750000,50250000,1,12,22000000,50500000
1384,21750000,50500000,1,12,22000000,50750000
1385,21750000,50750000,1,12,22000000,51000000
1386,21750000,51000000,1,12,22000000,51250000
1387,21750000,51250000,1,12,22000000,51500000
1388,21750000,51500000,1,12,22000000,51750000
1389,21750000,51750000,1,12,22000000,52000000
1390,21750000,52000000,1,12,22000000,52250000
1391,21750000,52250000,1,12,22000000,52500000
1392,21750000,52500000,1,12,22000000,52750000
1393,21750000,52750000,1,12,22000000,53000000
1394,21750000,53000000,1,12,22000000,53250000
1395,21750000,53250000,1,12,22000000,53500000
1396,21750000,53500000,1,12,22000000,53750000
1397,21750000,53750000,1,12,22000000,54000000
1398,22000000,49250000,1,12,22250000,49500000
1399,22000000,49500000,1,12,22250000,49750000
1400,22000000,49750000,1,12,22250000,50000000
1401,22000000,50000000,1,12,22250000,50250000
1402,22000000,50250000,1,12,22250000,50500000
1403,22000000,50500000,1,12,22250000,50750000
1404,22000000,50750000,1,12,22250000,51000000
1405,22000000,51000000,1,12,22250000,51250000
1406,22000000,51250000,1,12,22250000,51500000
1407,22000000,51500000,1,12,22250000,51750000
1408,22000000,51750000,1,12,22250000,52000000
1409,22000000,52000000,1,12,22250000,52250000
1410,22000000,52250000,1,12,22250000,52500000
1411,22000000,52500000,1,12,22250000,52750000
1412,22000000,52750000,1,12,22250000,53000000
1413,22000000,53000000,1,12,22250000,53250000
1414,22000000,53250000,1,12,22250000,53500000
1415,22000000,53500000,1,12,22250000,53750000
1416,22000000,53750000,1,12,22250000,54000000
1417,22250000,49250000,1,12,22500000,49500000
1418,22250000,49500000,1,12,22500000,49750000
1419,22250000,49750000,1,12,22500000,50000000
1420,22250000,50000000,1,12,22500000,50250000
1421,22250000,50250000,1,12,22500000,50500000
1422,22250000,50500000,1,12,22500000,50750000
1423,22250000,50750000,1,12,22500000,51000000
1424,22250000,51000000,1,12,22500000,51250000
1425,22250000,51250000,1,12,22500000,51500000
1426,22250000,51500000,1,12,22500000,51750000
1427,22250000,51750000,1,12,22500000,52000000
1428,22250000,52000000,1,12,22500000,52250000
1429,22250000,52250000,1,12,22500000,52500000
1430,22250000,52500000,1,12,22500000,52750000
1431,22250000,52750000,1,12,22500000,53000000
1432,22250000,53000000,1,12,22500000,53250000
1433,22250000,53250000,1,12,22500000,53500000
1434,22250000,53500000,1,12,22500000,53750000
1435,22250000,53750000,1,12,22500000,54000000
1436,22500000,49250000,1,12,22750000,49500000
1437,22500000,49500000,1,12,22750000,49750000
1438,22500000,49750000,1,12,22750000,50000000
1439,22500000,50000000,1,12,22750000,50250000
1440,22500000,50250000,1,12,22750000,50500000
1441,22500000,50500000,1,12,22750000,50750000
1442,22500000,50750000,1,12,22750000,51000000
1443,22500000,51000000,1,12,22750000,51250000
1444,22500000,51250000,1,12,22750000,51500000
1445,22500000,51500000,1,12,22750000,51750000
1446,22500000,51750000,1,12,22750000,52000000
1447,22500000,52000000,1,12,22750000,52250000
1448,22500000,52250000,1,12,22750000,52500000
1449,22500000,52500000,1,12,22750000,52750000
1450,22500000,52750000,1,12,22750000,53000000
1451,22500000,53000000,1,12,22750000,53250000
1452,22500000,53250000,1,12,22750000,53500000
1453,22500000,53500000,1,12,22750000,53750000
1454,22500000,53750000,1,12,22750000,54000000
1455,22750000,49250000,1,12,23000000,49500000
1456,22750000,49500000,1,12,23000000,49750000
1457,22750000,49750000,1,12,23000000,50000000
1458,22750000,50000000,1,12,23000000,50250000
1459,22750000,50250000,1,12,23000000,50500000
1460,22750000,50500000,1,12,23000000,50750000
1461,22750000,50750000,1,12,23000000,51000000
1462,22750000,51000000,1,12,23000000,51250000
1463,22750000,51250000,1,12,23000000,51500000
1464,22750000,51500000,1,12,23000000,51750000
1465,22750000,51750000,1,12,23000000,52000000
1466,22750000,52000000,1,12,23000000,52250000
1467,22750000,52250000,1,12,23000000,52500000
1468,22750000,52500000,1,12,23000000,52750000
1469,22750000,52750000,1,12,23000000,53000000
1470,22750000,53000000,1,12,23000000,53250000
1471,22750000,53250000,1,12,23000000,53500000
1472,22750000,53500000,1,12,23000000,53750000
1473,22750000,53750000,1,12,23000000,54000000
1474,23000000,49250000,1,12,23250000,49500000
1475,23000000,49500000,1,12,23250000,49750000
1476,23000000,49750000,1,12,23250000,50000000
1477,23000000,50000000,1,12,23250000,50250000
1478,23000000,50250000,1,12,23250000,50500000
1479,23000000,50500000,1,12,23250000,50750000
1480,23000000,50750000,1,12,23250000,51000000
1481,23000000,51000000,1,12,23250000,51250000
1482,23000000,51250000,1,12,23250000,51500000
1483,23000000,51500000,1,12,23250000,51750000
1484,23000000,51750000,1,12,23250000,52000000
1485,23000000,52000000,1,12,23250000,52250000
1486,23000000,52250000,1,12,23250000,52500000
1487,23000000,52500000,1,12,23250000,52750000
1488,23000000,52750000,1,12,23250000,53000000
1489,23000000,53000000,1,12,23250000,53250000
1490,23000000,53250000,1,12,23250000,53500000
1491,23000000,53500000,1,12,23250000,53750000
1492,23000000,53750000,1,12,23250000,54000000
1493,23250000,49250000,1,12,23500000,49500000
1494,23250000,49500000,1,12,23500000,49750000
1495,23250000,49750000,1,12,23500000,50000000
1496,23250000,50000000,1,12,23500000,50250000
1497,23250000,50250000,1,12,23500000,50500000
1498,23250000,50500000,1,12,23500000,50750000
1499,23250000,50750000,1,12,23500000,51000000
1500,23250000,51000000,1,12,23500000,51250000
1501,23250000,51250000,1,12,23500000,51500000
1502,23250000,51500000,1,12,23500000,51750000
1503,23250000,51750000,1,12,23500000,52000000
1504,23250000,52000000,1,12,23500000,52250000
1505,23250000,52250000,1,12,23500000,52500000
1506,23250000,52500000,1,12,23500000,52750000
1507,23250000,52750000,1,12,23500000,53000000
1508,23250000,53000000,1,12,23500000,53250000
1509,23250000,53250000,1,12,23500000,53500000
1510,23250000,53500000,1,12,23500000,53750000
1511,23250000,53750000,1,12,23500000,54000000
1512,23500000,49250000,1,12,23750000,49500000
1513,23500000,49500000,1,12,23750000,49750000
1514,23500000,49750000,1,12,23750000,50000000
1515,23500000,50000000,1,12,23750000,50250000
1516,23500000,50250000,1,12,23750000,50500000
1517,23500000,50500000,1,12,23750000,50750000
1518,23500000,50750000,1,12,23750000,51000000
1519,23500000,51000000,1,12,23750000,51250000
1520,23500000,51250000,1,12,23750000,51500000
1521,23500000,51500000,1,12,23750000,51750000
1522,23500000,51750000,1,12,23750000,52000000
1523,23500000,52000000,1,12,23750000,52250000
1524,23500000,52250000,1,12,23750000,52500000
1525,23500000,52500000,1,12,23750000,52750000
1526,23500000,52750000,1,12,23750000,53000000
1527,23500000,53000000,1,12,23750000,53250000
1528,23500000,53250000,1,12,23750000,53500000
1529,23500000,53500000,1,12,23750000,53750000
1530,23500000,53750000,1,12,23750000,54000000
1531,23750000,49250000,1,12,24000000,49500000
1532,23750000,49500000,1,12,24000000,49750000
1533,23750000,49750000,1,12,24000000,50000000
1534,23750000,50000000,1,12,24000000,50250000
1535,23750000,50250000,1,12,24000000,50500000
1536,23750000,50500000,1,12,24000000,50750000
1537,23750000,50750000,1,12,24000000,51000000
1538,23750000,51000000,1,12,24000000,51250000
1539,23750000,51250000,1,12,24000000,51500000
1540,23750000,51500000,1,12,24000000,51750000
1541,23750000,51750000,1,12,24000000,52000000
1542,23750000,52000000,1,12,24000000,52250000
1543,23750000,52250000,1,12,24000000,52500000
1544,23750000,52500000,1,12,24000000,52750000
1545,23750000,52750000,1,12,24000000,53000000
1546,23750000,53000000,1,12,24000000,53250000
1547,23750000,53250000,1,12,24000000,53500000
1548,23750000,53500000,1,12,24000000,53750000
1549,23750000,53750000,1,12,24000000,54000000
1550,24000000,49250000,1,12,24250000,49500000
1551,24000000,49500000,1,12,24250000,49750000
1552,24000000,49750000,1,12,24250000,50000000
1553,24000000,50000000,1,12,24250000,50250000
1554,24000000,50250000,1,12,24250000,50500000
1555,24000000,50500000,1,12,24250000,50750000
1556,24000000,50750000,1,12,24250000,51000000
1557,24000000,51000000,1,12,24250000,51250000
1558,24000000,51250000,1,12,24250000,51500000
1559,24000000,51500000,1,12,24250000,51750000
1560,24000000,51750000,1,12,24250000,52000000
1561,24000000,52000000,1,12,24250000,52250000
1562,24000000,52250000,1,12,24250000,52500000
1563,24000000,52500000,1,12,24250000,52750000
1564,24000000,52750000,1,12,24250000,53000000
1565,24000000,53000000,1,12,24250000,53250000
1566,24000000,53250000,1,12,24250000,53500000
1567,24000000,53500000,1,12,24250000,53750000
1568,24000000,53750000,1,12,24250000,54000000
1569,24250000,49250000,1,12,24500000,49500000
1570,24250000,49500000,1,12,24500000,49750000
1571,24250000,49750000,1,12,24500000,50000000
1572,24250000,50000000,1,12,24500000,50250000
1573,24250000,50250000,1,12,24500000,50500000
1574,24250000,50500000,1,12,24500000,50750000
1575,24250000,50750000,1,12,24500000,51000000
1576,24250000,51000000,1,12,24500000,51250000
1577,24250000,51250000,1,12,24500000,51500000
1578,24250000,51500000,1,12,24500000,51750000
1579,24250000,51750000,1,12,24500000,52000000
1580,24250000,52000000,1,12,24500000,52250000
1581,24250000,52250000,1,12,24500000,52500000
1582,24250000,52500000,1,12,24500000,52750000
1583,24250000,52750000,1,12,24500000,53000000
1584,24250000,53000000,1,12,24500000,53250000
1585,24250000,53250000,1,12,24500000,53500000
1586,24250000,53500000,1,12,24500000,53750000
1587,24250000,53750000,1,12,24500000,54000000
1588,24500000,49250000,1,12,24750000,49500000
1589,24500000,49500000,1,12,24750000,49750000
1590,24500000,49750000,1,12,24750000,50000000
1591,24500000,50000000,1,12,24750000,50250000
1592,24500000,50250000,1,12,24750000,50500000
1593,24500000,50500000,1,12,24750000,50750000
1594,24500000,50750000,1,12,24750000,51000000
1595,24500000,51000000,1,12,24750000,51250000
1596,24500000,51250000,1,12,24750000,51500000
1597,24500000,51500000,1,12,24750000,51750000
1598,24500000,51750000,1,12,24750000,52000000
1599,24500000,52000000,1,12,24750000,52250000
1600,24500000,52250000,1,12,24750000,52500000
1601,24500000,52500000,1,12,24750000,52750000
1602,24500000,52750000,1,12,24750000,53000000
1603,24500000,53000000,1,12,24750000,53250000
1604,24500000,53250000,1,12,24750000,53500000
1605,24500000,53500000,1,12,24750000,53750000
1606,24500000,53750000,1,12,24750000,54000000
1607,24750000,49250000,1,12,25000000,49500000
1608,24750000,49500000,1,12,25000000,49750000
1609,24750000,49750000,1,12,25000000,50000000
1610,24750000,50000000,1,12,25000000,50250000
1611,24750000,50250000,1,12,25000000,50500000
1612,24750000,50500000,1,12,25000000,50750000
1613,24750000,50750000,1,12,25000000,51000000
1614,24750000,51000000,1,12,25000000,51250000
1615,24750000,51250000,1,12,25000000,51500000
1616,24750000,51500000,1,12,25000000,51750000
1617,24750000,51750000,1,12,25000000,52000000
1618,24750000,52000000,1,12,25000000,52250000
1619,24750000,52250000,1,12,25000000,52500000
1620,24750000,52500000,1,12,25000000,52750000
1621,24750000,52750000,1,12,25000000,53000000
1622,24750000,53000000,1,12,25000000,53250000
1623,24750000,53250000,1,12,25000000,53500000
1624,24750000,53500000,1,12,25000000,53750000
1625,24750000,53750000,1,12,25000000,54000000
1626,25000000,49250000,1,12,25250000,49500000
1627,25000000,49500000,1,12,25250000,49750000
1628,25000000,49750000,1,12,25250000,50000000
1629,25000000,50000000,1,12,25250000,50250000
1630,25000000,50250000,1,12,25250000,50500000
1631,25000000,50500000,1,12,25250000,50750000
1632,25000000,50750000,1,12,25250000,51000000
1633,25000000,51000000,1,12,25250000,51250000
1634,25000000,51250000,1,12,25250000,51500000
1635,25000000,51500000,1,12,25250000,51750000
1636,25000000,51750000,1,12,25250000,52000000
1637,25000000,52000000,1,12,25250000,52250000
1638,25000000,52250000,1,12,25250000,52500000
1639,25000000,52500000,1,12,25250000,52750000
1640,25000000,52750000,1,12,25250000,53000000
1641,25000000,53000000,1,12,25250000,53250000
1642,25000000,53250000,1,12,25250000,53500000
1643,25000000,53500000,1,12,25250000,53750000
1644,25000000,53750000,1,12,25250000,54000000
1645,25250000,49250000,1,12,25500000,49500000
1646,25250000,49500000,1,12,25500000,49750000
1647,25250000,49750000,1,12,25500000,50000000
1648,25250000,50000000,1,12,25500000,50250000
1649,25250000,50250000,1,12,25500000,50500000
1650,25250000,50500000,1,12,25500000,50750000
1651,25250000,50750000,1,12,25500000,51000000
1652,25250000,51000000,1,12,25500000,51250000
1653,25250000,51250000,1,12,25500000,51500000
1654,25250000,51500000,1,12,25500000,51750000
1655,25250000,51750000,1,12,25500000,52000000
1656,25250000,52000000,1,12,25500000,52250000
1657,25250000,52250000,1,12,25500000,52500000
1658,25250000,52500000,1,12,25500000,52750000
1659,25250000,52750000,1,12,25500000,53000000
1660,25250000,53000000,1,12,25500000,53250000
1661,25250000,53250000,1,12,25500000,53500000
1662,25250000,53500000,1,12,25500000,53750000
1663,25250000,53750000,1,12,25500000,54000000
1664,25500000,49250000,1,12,25750000,49500000
1665,25500000,49500000,1,12,25750000,49750000
1666,25500000,49750000,1,12,25750000,50000000
1667,25500000,50000000,1,12,25750000,50250000
1668,25500000,50250000,1,12,25750000,50500000
1669,25500000,50500000,1,12,25750000,50750000
1670,25500000,50750000,1,12,25750000,51000000
1671,25500000,51000000,1,12,25750000,51250000
1672,25500000,51250000,1,12,25750000,51500000
1673,25500000,51500000,1,12,25750000,51750000
1674,25500000,51750000,1,12,25750000,52000000
1675,25500000,52000000,1,12,25750000,52250000
1676,25500000,52250000,1,12,25750000,52500000
1677,25500000,52500000,1,12,25750000,52750000
1678,25500000,52750000,1,12,25750000,53000000
1679,25500000,53000000,1,12,25750000,53250000
1680,25500000,53250000,1,12,25750000,53500000
1681,25500000,53500000,1,12,25750000,53750000
1682,25500000,53750000,1,12,25750000,54000000
1683,25750000,49250000,1,12,26000000,49500000
1684,25750000,49500000,1,12,26000000,49750000
1685,25750000,49750000,1,12,26000000,50000000
1686,25750000,50000000,1,12,26000000,50250000
1687,25750000,50250000,1,12,26000000,50500000
1688,25750000,50500000,1,12,26000000,50750000
1689,25750000,50750000,1,12,26000000,51000000
1690,25750000,51000000,1,12,26000000,51250000
1691,25750000,51250000,1,12,26000000,51500000
1692,25750000,51500000,1,12,26000000,51750000
1693,25750000,51750000,1,12,26000000,52000000
1694,25750000,52000000,1,12,26000000,52250000
1695,25750000,52250000,1,12,26000000,52500000
1696,25750000,52500000,1,12,26000000,52750000
1697,25750000,52750000,1,12,26000000,53000000
1698,25750000,53000000,1,12,26000000,53250000
1699,25750000,53250000,1,12,26000000,53500000
1700,25750000,53500000,1,12,26000000,53750000
1701,25750000,53750000,1,12,26000000,54000000
1702,26000000,49250000,1,12,26250000,49500000
1703,26000000,49500000,1,12,26250000,49750000
1704,26000000,49750000,1,12,26250000,50000000
1705,26000000,50000000,1,12,26250000,50250000
1706,26000000,50250000,1,12,26250000,50500000
1707,26000000,50500000,1,12,26250000,50750000
1708,26000000,50750000,1,12,26250000,51000000
1709,26000000,51000000,1,12,26250000,51250000
1710,26000000,51250000,1,12,26250000,51500000
1711,26000000,51500000,1,12,26250000,51750000
1712,26000000,51750000,1,12,26250000,52000000
1713,26000000,52000000,1,12,26250000,52250000
1714,26000000,52250000,1,12,26250000,52500000
1715,26000000,52500000,1,12,26250000,52750000
1716,26000000,52750000,1,12,26250000,53000000
1717,26000000,53000000,1,12,26250000,53250000
1718,26000000,53250000,1,12,26250000,53500000
1719,26000000,53500000,1,12,26250000,53750000
1720,26000000,53750000,1,12,26250000,54000000
1721,26250000,49250000,1,12,26500000,49500000
1722,26250000,49500000,1,12,26500000,49750000
1723,26250000,49750000,1,12,26500000,50000000
1724,26250000,50000000,1,12,26500000,50250000
1725,26250000,50250000,1,12,26500000,50500000
1726,26250000,50500000,1,12,26500000,50750000
1727,26250000,50750000,1,12,26500000,51000000
1728,26250000,51000000,1,12,26500000,51250000
1729,26250000,51250000,1,12,26500000,51500000
1730,26250000,51500000,1,12,26500000,51750000
1731,26250000,51750000,1,12,26500000,52000000
1732,26250000,52000000,1,12,26500000,52250000
1733,26250000,52250000,1,12,26500000,52500000
1734,26250000,52500000,1,12,26500000,52750000
1735,26250000,52750000,1,12,26500000,53000000
1736,26250000,53000000,1,12,26500000,53250000
1737,26250000,53250000,1,12,26500000,53500000
1738,26250000,53500000,1,12,26500000,53750000
1739,26250000,53750000,1,12,26500000,54000000
1740,26500000,49250000,1,12,26750000,49500000
1741,26500000,49500000,1,12,26750000,49750000
1742,26500000,49750000,1,12,26750000,50000000
1743,26500000,50000000,1,12,26750000,50250000
1744,26500000,50250000,1,12,26750000,50500000
1745,26500000,50500000,1,12,26750000,50750000
1746,26500000,50750000,1,12,26750000,51000000
1747,26500000,51000000,1,12,26750000,51250000
1748,26500000,51250000,1,12,26750000,51500000
1749,26500000,51500000,1,12,26750000,51750000
1750,26500000,51750000,1,12,26750000,52000000
1751,26500000,52000000,1,12,26750000,52250000
1752,26500000,52250000,1,12,26750000,52500000
1753,26500000,52500000,1,12,26750000,52750000
1754,26500000,52750000,1,12,26750000,53000000
1755,26500000,53000000,1,12,26750000,53250000
1756,26500000,53250000,1,12,26750000,53500000
1757,26500000,53500000,1,12,26750000,53750000
1758,26500000,53750000,1,12,26750000,54000000
1759,26750000,49250000,1,12,27000000,49500000
1760,26750000,49500000,1,12,27000000,49750000
1761,26750000,49750000,1,12,27000000,50000000
1762,26750000,50000000,1,12,27000000,50250000
1763,26750000,50250000,1,12,27000000,50500000
1764,26750000,50500000,1,12,27000000,50750000
1765,26750000,50750000,1,12,27000000,51000000
1766,26750000,51000000,1,12,27000000,51250000
1767,26750000,51250000,1,12,27000000,51500000
1768,26750000,51500000,1,12,27000000,51750000
1769,26750000,51750000,1,12,27000000,52000000
1770,26750000,52000000,1,12,27000000,52250000
1771,26750000,52250000,1,12,27000000,52500000
1772,26750000,52500000,1,12,27000000,52750000
1773,26750000,52750000,1,12,27000000,53000000
1774,26750000,53000000,1,12,27000000,53250000
1775,26750000,53250000,1,12,27000000,53500000
1776,26750000,53500000,1,12,27000000,53750000
1777,26750000,53750000,1,12,27000000,54000000
1778,27000000,49250000,1,12,27250000,49500000
1779,27000000,49500000,1,12,27250000,49750000
1780,27000000,49750000,1,12,27250000,50000000
1781,27000000,50000000,1,12,27250000,50250000
1782,27000000,50250000,1,12,27250000,50500000
1783,27000000,50500000,1,12,27250000,50750000
1784,27000000,50750000,1,12,27250000,51000000
1785,27000000,51000000,1,12,27250000,51250000
1786,27000000,51250000,1,12,27250000,51500000
1787,27000000,51500000,1,12,27250000,51750000
1788,27000000,51750000,1,12,27250000,52000000
1789,27000000,52000000,1,12,27250000,52250000
1790,27000000,52250000,1,12,27250000,52500000
1791,27000000,52500000,1,12,27250000,52750000
1792,27000000,52750000,1,12,27250000,53000000
1793,27000000,53000000,1,12,27250000,53250000
1794,27000000,53250000,1,12,27250000,53500000
1795,27000000,53500000,1,12,27250000,53750000
1796,27000000,53750000,1,12,27250000,54000000
1797,27250000,49250000,1,12,27500000,49500000
1798,27250000,49500000,1,12,27500000,49750000
1799,27250000,49750000,1,12,27500000,50000000
1800,27250000,50000000,1,12,27500000,50250000
1801,27250000,50250000,1,12,27500000,50500000
1802,27250000,50500000,1,12,27500000,50750000
1803,27250000,50750000,1,12,27500000,51000000
1804,27250000,51000000,1,12,27500000,51250000
1805,27250000,51250000,1,12,27500000,51500000
1806,27250000,51500000,1,12,27500000,51750000
1807,27250000,51750000,1,12,27500000,52000000
1808,27250000,52000000,1,12,27500000,52250000
1809,27250000,52250000,1,12,27500000,52500000
1810,27250000,52500000,1,12,27500000,52750000
1811,27250000,52750000,1,12,27500000,53000000
1812,27250000,53000000,1,12,27500000,53250000
1813,27250000,53250000,1,12,27500000,53500000
1814,27250000,53500000,1,12,27500000,53750000
1815,27250000,53750000,1,12,27500000,54000000
1816,27500000,49250000,1,12,27750000,49500000
1817,27500000,49500000,1,12,27750000,49750000
1818,27500000,49750000,1,12,27750000,50000000
1819,27500000,50000000,1,12,27750000,50250000
1820,27500000,50250000,1,12,27750000,50500000
1821,27500000,50500000,1,12,27750000,50750000
1822,27500000,50750000,1,12,27750000,51000000
1823,27500000,51000000,1,12,27750000,51250000
1824,27500000,51250000,1,12,27750000,51500000
1825,27500000,51500000,1,12,27750000,51750000
1826,27500000,51750000,1,12,27750000,52000000
1827,27500000,52000000,1,12,27750000,52250000
1828,27500000,52250000,1,12,27750000,52500000
1829,27500000,52500000,1,12,27750000,52750000
1830,27500000,52750000,1,12,27750000,53000000
1831,27500000,53000000,1,12,27750000,53250000
1832,27500000,53250000,1,12,27750000,53500000
1833,27500000,53500000,1,12,27750000,53750000
1834,27500000,53750000,1,12,27750000,54000000
1835,27750000,49250000,1,12,28000000,49500000
1836,27750000,49500000,1,12,28000000,49750000
1837,27750000,49750000,1,12,28000000,50000000
1838,27750000,50000000,1,12,28000000,50250000
1839,27750000,50250000,1,12,28000000,50500000
1840,27750000,50500000,1,12,28000000,50750000
1841,27750000,50750000,1,12,28000000,51000000
1842,27750000,51000000,1,12,28000000,51250000
1843,27750000,51250000,1,12,28000000,51500000
1844,27750000,51500000,1,12,28000000,51750000
1845,27750000,51750000,1,12,28000000,52000000
1846,27750000,52000000,1,12,28000000,52250000
1847,27750000,52250000,1,12,28000000,52500000
1848,27750000,52500000,1,12,28000000,52750000
1849,27750000,52750000,1,12,28000000,53000000
1850,27750000,53000000,1,12,28000000,53250000
1851,27750000,53250000,1,12,28000000,53500000
1852,27750000,53500000,1,12,28000000,53750000
1853,27750000,53750000,1,12,28000000,54000000
1854,28000000,49250000,1,12,28250000,49500000
1855,28000000,49500000,1,12,28250000,49750000
1856,28000000,49750000,1,12,28250000,50000000
1857,28000000,50000000,1,12,28250000,50250000
1858,28000000,50250000,1,12,28250000,50500000
1859,28000000,50500000,1,12,28250000,50750000
1860,28000000,50750000,1,12,28250000,51000000
1861,28000000,51000000,1,12,28250000,51250000
1862,28000000,51250000,1,12,28250000,51500000
1863,28000000,51500000,1,12,28250000,51750000
1864,28000000,51750000,1,12,28250000,52000000
1865,28000000,52000000,1,12,28250000,52250000
1866,28000000,52250000,1,12,28250000,52500000
1867,28000000,52500000,1,12,28250000,52750000
1868,28000000,52750000,1,12,28250000,53000000
1869,28000000,53000000,1,12,28250000,53250000
1870,28000000,53250000,1,12,28250000,53500000
1871,28000000,53500000,1,12,28250000,53750000
1872,28000000,53750000,1,12,28250000,54000000
1873,143750000,75750000,1,12,144000000,76000000
1874,148000000,104000000,1,12,148250000,104250000
1875,148000000,104250000,1,12,148250000,104500000
1876,750000,120500000,1,12,1000000,120750000
1877,750000,120750000,1,12,1000000,121000000
1878,750000,121000000,1,12,1000000,121250000
1879,750000,121250000,1,12,1000000,121500000
1880,750000,121500000,1,12,1000000,121750000
1881,750000,121750000,1,12,1000000,122000000
1882,750000,122000000,1,12,1000000,122250000
1883,750000,122250000,1,12,1000000,122500000
1884,750000,122500000,1,12,1000000,122750000
1885,750000,122750000,1,12,1000000,123000000
1886,750000,123000000,1,12,1000000,123250000
1887,750000,123250000,1,12,1000000,123500000
1888,750000,123500000,1,12,1000000,123750000
1889,750000,123750000,1,12,1000000,124000000
1890,750000,124000000,1,12,1000000,124250000
1891,750000,124250000,1,12,1000000,124500000
1892,750000,124500000,1,12,1000000,124750000
1893,750000,124750000,1,12,1000000,125000000
1894,750000,125000000,1,12,1000000,125250000
1895,1000000,120500000,1,12,1250000,120750000
1896,1000000,120750000,1,12,1250000,121000000
1897,1000000,121000000,1,12,1250000,121250000
1898,1000000,121250000,1,12,1250000,121500000
1899,1000000,121500000,1,12,1250000,121750000
1900,1000000,121750000,1,12,1250000,122000000
1901,1000000,122000000,1,12,1250000,122250000
1902,1000000,122250000,1,12,1250000,122500000
1903,1000000,122500000,1,12,1250000,122750000
1904,1000000,122750000,1,12,1250000,123000000
1905,1000000,123000000,1,12,1250000,123250000
1906,1000000,123250000,1,12,1250000,123500000
1907,1000000,123500000,1,12,1250000,123750000
1908,1000000,123750000,1,12,1250000,124000000
1909,1000000,124000000,1,12,1250000,124250000
1910,1000000,124250000,1,12,1250000,124500000
1911,1000000,124500000,1,12,1250000,124750000
1912,1000000,124750000,1,12,1250000,125000000
1913,1000000,125000000,1,12,1250000,125250000
1914,1250000,120500000,1,12,1500000,120750000
1915,1250000,120750000,1,12,1500000,121000000
1916,1250000,121000000,1,12,1500000,121250000
1917,1250000,121250000,1,12,1500000,121500000
1918,1250000,121500000,1,12,1500000,121750000
1919,1250000,121750000,1,12,1500000,122000000
1920,1250000,122000000,1,12,1500000,122250000
1921,1250000,122250000,1,12,1500000,122500000
1922,1250000,122500000,1,12,1500000,122750000
1923,1250000,122750000,1,12,1500000,123000000
1924,1250000,123000000,1,12,1500000,123250000
1925,1250000,123250000,1,12,1500000,123500000
1926,1250000,123500000,1,12,1500000,123750000
1927,1250000,123750000,1,12,1500000,124000000
1928,1250000,124000000,1,12,1500000,124250000
1929,1250000,124250000,1,12,1500000,124500000
1930,1250000,124500000,1,12,1500000,124750000
1931,1250000,124750000,1,12,1500000,125000000
1932,1250000,125000000,1,12,1500000,125250000
1933,1500000,120500000,1,12,1750000,120750000
1934,1500000,120750000,1,12,1750000,121000000
1935,1500000,121000000,1,12,1750000,121250000
1936,1500000,121250000,1,12,1750000,121500000
1937,1500000,121500000,1,12,1750000,121750000
1938,1500000,121750000,1,12,1750000,122000000
1939,1500000,122000000,1,12,1750000,122250000
1940,1500000,122250000,1,12,1750000,122500000
1941,1500000,122500000,1,12,1750000,122750000
1942,1500000,122750000,1,12,1750000,123000000
1943,1500000,123000000,1,12,1750000,123250000
1944,1500000,123250000,1,12,1750000,123500000
1945,1500000,123500000,1,12,1750000,123750000
1946,1500000,123750000,1,12,1750000,124000000
1947,1500000,124000000,1,12,1750000,124250000
1948,1500000,124250000,1,12,1750000,124500000
1949,1500000,124500000,1,12,1750000,124750000
1950,1500000,124750000,1,12,1750000,125000000
1951,1500000,125000000,1,12,1750000,125250000
1952,1750000,120500000,1,12,2000000,120750000
1953,1750000,120750000,1,12,2000000,121000000
1954,1750000,121000000,1,12,2000000,121250000
1955,1750000,121250000,1,12,2000000,121500000
1956,1750000,121500000,1,12,2000000,121750000
1957,1750000,121750000,1,12,2000000,122000000
1958,1750000,122000000,1,12,2000000,122250000
1959,1750000,122250000,1,12,2000000,122500000
1960,1750000,122500000,1,12,2000000,122750000
1961,1750000,122750000,1,12,2000000,123000000
1962,1750000,123000000,1,12,2000000,123250000
1963,1750000,123250000,1,12,2000000,123500000
1964,1750000,123500000,1,12,2000000,123750000
1965,1750000,123750000,1,12,2000000,124000000
1966,1750000,124000000,1,12,2000000,124250000
1967,1750000,124250000,1,12,2000000,124500000
1968,1750000,124500000,1,12,2000000,124750000
1969,1750000,124750000,1,12,2000000,125000000
1970,1750000,125000000,1,12,2000000,125250000
1971,0,133750000,1,12,250000,134000000
1972,148000000,57250000,1,12,148250000,57500000
1973,148000000,57500000,1,12,148250000,57750000
1974,146250000,74750000,1,12,146500000,75000000
